38995
32476
30646
30518
23627
11966
14822
9865
26940
28582
33893
1867
22743
4526
32763
29792
3572
11211
38905
37955
1581
14970
17186
9605
3656
24827
11712
7356
7422
37426
43738
11723
10801
4622
39681
10401
4455
31870
29217
19832
9266
3473
24324
20823
40256
3085
45485
33070
4252
38988
21111
44857
34917
27614
21151
24655
25665
7491
35093
44495
3244
6456
377
41221
7385
33013
1772
11246
38442
40827
30289
14394
19921
19045
2258
3831
38828
36925
27161
26180
2339
11695
27093
22215
26442
8935
42107
29442
8613
41160
33162
25163
29086
13525
6116
16274
42532
32939
36973
13787
14308
29977
35947
36109
44402
32398
23713
9779
26439
38535
19376
39658
15686
39426
4052
39540
42240
9375
20760
35908
44364
9508
3199
22905
12071
41238
23540
11834
1797
40866
42030
15875
18093
8192
29637
19313
27254
6504
33712
24821
31309
8609
16369
38404
36363
29878
2313
36218
43440
41463
4128
749
11957
27211
8229
4279
13344
7655
11978
30628
20051
38660
304
36920
14368
14359
7069
33032
26377
28845
30130
26342
2757
20135
29828
8205
10563
566
28109
3502
41055
3611
22180
11205
6011
8574
12533
112
5884
9983
25265
40821
23610
41087
25836
32531
25109
42957
15363
4431
26740
37820
18967
17352
30644
10608
37995
968
33444
1778
40492
43910
42791
3412
28366
7020
3991
2202
12094
35926
42381
32416
36210
34955
28619
42511
44736
24521
43113
35374
20126
43386
16897
39121
15022
16955
32719
24352
16913
37788
44489
17970
29523
30270
27552
8026
36969
30942
34192
40881
31589
19759
18138
42676
21979
10861
30051
31083
43280
21939
10825
22267
34111
38059
32205
2854
22038
19031
16380
27522
36682
15315
41597
17125
4779
9565
3024
4422
22133
37734
9801
24508
42937
45270
23719
18453
42393
35861
21985
32255
27099
37050
21057
41474
25615
2707
26924
28540
45459
17867
24641
43872
24773
10198
17434
24180
7630
20073
31342
370
12927
13635
5944
1521
12214
6371
28844
954
27511
40022
30776
3962
4749
41190
16330
43751
35531
2530
3553
35308
40740
14070
35088
27556
13307
18295
31354
1834
29990
37898
9735
33011
23209
25987
10956
44436
41910
16034
6155
15806
3628
41147
30520
5148
45627
37005
44819
4660
16452
17861
217
22042
9922
36153
6598
20521
38758
705
13664
21455
33179
26053
11658
38715
11331
43354
26109
28290
11575
43322
38394
26041
4835
15927
39668
34030
13671
20525
32238
21450
31903
5439
12442
9298
18160
24907
1991
43200
916
35496
34940
45578
9078
18720
31370
17658
5592
17906
39772
18869
39870
25641
38643
8427
37300
24408
966
45101
28559
44631
28505
23826
14365
10666
35316
19322
37033
38351
5177
37428
8425
18129
3890
15993
9337
15166
9398
42122
21629
38879
31593
11665
11917
33003
18259
21932
18816
24609
4801
792
4107
21833
22576
44978
24868
11472
20132
130
43002
44573
6113
36463
7409
35653
24358
10856
35749
32599
20591
18016
44275
21501
10389
9257
20986
32019
44944
24057
7253
4199
41389
40964
37340
38618
34779
40387
1050
375
10015
7987
19851
12332
30165
44005
34944
16647
44948
9164
6275
22427
40103
16063
21051
43490
25519
3126
6834
439
45466
15230
2326
1479
18934
8441
35276
25888
2319
7035
33613
40518
20723
33874
29606
7414
26631
37122
16663
15208
36732
22457
42885
34980
29323
23539
17862
16276
28274
27086
1796
36958
27104
22241
34150
3150
6704
33498
1312
41982
5920
37968
33796
37187
19936
10275
29230
12959
13964
10502
15908
6525
10278
23940
27827
26473
25763
24813
41737
8400
36554
13618
5492
20151
32193
4437
34603
15236
35698
13096
31356
30244
4580
20194
45330
12956
13574
33075
30415
41917
33220
17818
23761
30631
38152
32667
43651
2789
35142
22943
12475
3073
11380
34577
15186
10536
30564
14718
32253
5006
23568
17873
21
17415
17387
35241
24799
7497
38305
15334
31407
14339
10120
9544
28946
15558
21079
45251
29555
30575
16275
40421
24993
38684
2826
44216
42982
28661
11804
21597
41877
42940
40755
3083
8340
10405
16780
34931
7418
42273
37661
22682
11455
11332
15538
23711
15857
17936
39019
37900
8473
36280
34090
33482
35395
18849
43168
27259
34318
15174
27948
26927
5116
18673
3259
29162
41175
11028
29805
29886
1783
17732
21461
15148
32352
18427
30122
36190
25309
6706
23865
8033
27676
32536
24766
30860
16932
33365
20280
5792
152
30946
24489
7695
11984
35113
25904
38316
24067
39623
15547
38421
43999
4104
32087
27047
4757
43766
42341
15739
41159
7765
8963
2575
2908
31692
31887
35018
34364
22029
31809
23426
11448
11534
16070
10736
12630
33944
17460
37711
31843
23502
36694
979
31041
5752
5982
18958
12901
27019
3848
44539
21252
5014
1495
13448
22371
9906
37254
37204
6649
42671
26431
19465
36801
35243
44869
37223
12123
34972
10233
29194
28296
22516
7868
34968
32498
22832
12354
16851
6125
17332
40843
43606
1319
25181
44643
30841
2241
41356
28649
18856
41167
487
34695
38875
18434
13785
9629
12062
34264
4073
16796
13874
26251
20210
21377
2979
24913
7648
1616
24572
40397
24464
39657
11137
20307
38345
9901
26578
10600
17432
35783
27807
7899
19711
43601
23658
28132
33977
19195
2215
10549
589
39615
22601
34882
26185
8246
5234
32062
26395
42721
8316
19033
790
29053
42920
6176
20925
18897
8742
15232
34040
24465
35366
10406
20407
30589
32199
40449
13493
32356
15110
30799
45388
6687
38465
45273
35168
30306
18536
34390
2954
31017
19685
24069
17506
37374
18733
19199
42130
43326
6547
35964
43880
20075
18836
34667
13584
12218
13835
26384
45615
35946
29411
2543
43136
4232
3397
35754
11720
40997
30300
19418
28626
40197
12399
27578
34473
7327
37952
25605
35530
44843
15523
40744
19812
3591
44909
19143
7502
1156
5918
18488
12288
39341
1433
11639
30368
28222
14756
10215
31256
4770
32026
14357
6503
35317
233
37319
25695
32714
27453
33617
3120
8306
39392
40194
22390
6088
37909
38881
34401
32715
29410
14115
271
1114
6661
37701
18989
1162
12585
20020
40118
15559
35670
25249
28836
19781
24022
19643
10392
684
30749
25141
8504
11972
28532
2697
41152
24113
33155
40477
2070
40531
10524
10325
14938
25274
23670
15986
13030
14786
21662
31741
29479
28656
8549
43075
18165
42156
19398
32134
39594
42802
9645
25343
814
40292
8279
29668
895
762
22169
7548
45596
19375
16691
6020
26553
22769
8509
28785
18021
24383
21090
29286
18357
37601
23672
29831
8560
38564
2684
11169
18746
174
7325
313
24986
26643
40177
25134
38893
12869
22734
10208
35983
36635
38221
30833
9676
45087
44855
31054
37582
33671
14951
6406
43329
7512
8257
42296
14048
14080
6336
44153
22841
3152
16234
16990
3810
13192
32841
13997
30252
43465
37789
43063
23571
33980
3992
35564
2477
43785
26058
12112
37800
32207
35779
19053
13127
188
5107
15414
43613
21697
44547
7184
13979
6279
10993
34617
42448
36737
34545
45587
21233
7637
20471
5209
32344
4761
23954
26475
36571
5948
27836
15004
3458
1690
18743
7019
29288
43267
17071
28513
28076
9288
37667
39474
29101
4023
12600
31525
36689
17827
32413
25929
2813
32333
8769
24139
37730
20580
38902
5180
15660
8706
3327
19813
14021
32365
39192
1143
38698
41289
442
19146
13510
9895
40651
40181
18376
30511
19638
16548
22009
21866
17644
38198
21217
36312
33368
31761
42909
25527
19478
22797
11078
42245
36098
15956
9195
27015
33782
20254
41863
437
16756
367
31151
44559
20599
32969
3741
18000
14412
36353
7846
10733
38858
34194
6274
22757
14171
38997
37244
23563
32642
42555
23820
21840
37823
35814
21381
44405
26931
11928
21927
9102
18574
12055
11011
26040
21773
11725
26252
36341
958
16111
31822
34587
30366
19285
44252
21557
300
36768
494
36699
33580
28764
36660
43314
34816
7434
38786
18570
28757
16440
27862
27442
5643
33612
16797
3045
35525
41681
15070
39832
17027
17709
11596
20729
35120
222
27880
44693
30105
26341
43564
5969
17509
8443
26913
18168
20595
11947
44696
10478
9881
31230
7117
27294
20929
17994
40355
18526
44805
31195
29647
42995
10258
28571
40264
12211
7328
27193
16893
25449
38634
27994
25417
31714
5776
38287
38700
5987
38654
28794
38330
22043
9507
39911
27860
17216
36030
29517
43000
15580
28967
42380
30534
41438
3732
25828
17829
40296
30693
11729
16678
3004
28246
8944
8485
9860
21444
45324
11412
19414
17677
28930
5713
26944
32294
43100
16783
9113
646
37999
41745
893
19049
25990
26844
20749
5030
29235
2777
31015
4031
171
21204
25731
15853
20719
35541
33783
12834
28850
12711
34585
9675
37262
23748
30310
31945
41202
6929
13572
43350
3706
21414
25057
9339
42595
595
27551
2831
32653
11869
34929
42467
25191
9850
32927
44299
39748
17716
39213
19006
21817
11127
40161
7793
7179
30016
7056
42527
24129
37324
42705
43677
32967
15931
1465
15367
37282
22895
8826
22321
24454
29164
33371
25776
26239
26193
39719
29267
12496
27186
33664
13762
37066
44471
4592
33343
26143
37636
37015
2721
3413
2834
39852
21245
22164
37303
17800
24200
21723
10987
32196
10409
30880
12984
4222
20586
26650
14367
3581
35413
36712
28456
5574
45290
43717
43005
41554
24772
26925
18760
10021
33877
23891
39679
6500
9929
383
8515
22676
20427
29951
39763
20813
42641
4888
24170
40761
33209
22941
25391
34245
26137
31209
2286
27207
2611
35688
11944
38683
9313
1739
27216
32695
36968
7646
38993
13505
39280
12302
27510
42548
45283
28849
34166
29921
16181
36989
13942
34883
14811
37354
26247
36289
42875
31509
40830
34706
7522
4845
14250
11266
8401
13174
9430
41359
19587
36123
19712
32458
11710
3066
34877
2856
10632
43689
37321
31730
12230
2211
23328
34764
14167
14096
42804
5570
42866
14014
36095
25899
29573
31139
30896
14449
42382
7154
18898
17594
29060
23989
42698
10634
25833
9933
2144
24841
40515
14103
25476
23038
11908
21360
13782
33027
23355
14646
37208
13636
27951
9833
41237
29114
11724
1528
21787
40831
10984
14892
41804
9928
37815
23279
36797
36345
22959
24233
14399
42936
33756
20356
6086
39653
41658
26248
30836
31839
24735
15379
13155
6372
21160
35161
39841
43737
2558
40865
23327
2858
19260
38157
10961
3262
18246
22987
836
28512
43413
28316
7935
20241
13055
38156
28473
7818
23780
1326
29236
35520
22887
29693
23383
6658
17229
12924
24944
12456
4728
32472
32059
5604
13433
2221
23833
41258
803
33440
11146
22799
15963
4046
44705
18992
29167
36491
20574
17952
41516
10754
39766
25704
20741
31992
20711
547
26884
33702
5903
40580
529
11950
37342
15978
36395
522
18011
5989
7444
10836
21705
12637
12190
30013
27889
29929
22529
24347
1325
10901
3940
31584
24433
36026
265
10052
18456
10199
38314
25413
27041
11356
27925
30080
11742
40224
3007
14909
44550
13072
26051
45355
38116
22378
943
7098
20154
33210
27508
41760
5422
22243
27650
12907
13320
6514
21623
26909
39330
20201
34535
7007
35329
28901
35637
13412
18633
22600
24063
27488
7645
20864
5160
42507
22326
21937
37468
1112
28715
38798
5274
43096
20848
16519
26672
35607
30332
36578
35890
10714
5020
30129
36137
33608
5374
31574
43095
39904
13933
43748
7741
2384
40398
13766
1775
259
19944
8695
27364
40903
545
44398
45045
15564
30553
33214
19239
40386
13379
11657
41544
23681
26525
28502
27514
729
23142
13826
1108
24027
27271
24252
40404
28200
22213
24828
38559
3574
16658
24731
14720
29304
19772
43698
8164
25078
25073
33051
45153
37966
20060
31888
2651
29711
32528
17033
22995
21201
42020
41785
29417
39691
2815
27483
13795
29089
1136
43707
14894
40939
37702
5272
37850
7876
34365
38010
34302
44321
35529
38077
17931
39031
2882
38165
21511
30608
23474
2969
11829
20031
17144
1779
15435
19223
27229
6671
39367
13647
21141
30857
44029
9331
35765
401
16392
9787
25180
6714
4481
12543
34932
27760
10761
38395
39134
45605
12179
21753
25135
23519
30596
36841
17825
4957
20802
28646
8122
4747
7283
1606
7306
5321
30202
37772
19660
14738
36948
1300
10323
35053
42864
22037
13832
34687
43893
25682
19331
44691
42456
40009
39104
36951
15947
43500
17373
24040
11678
10484
15064
9849
5025
14842
44264
6170
28216
8065
18776
22956
26512
32773
29689
42871
34110
16341
41848
15043
43176
9404
1324
16491
27444
7863
26421
23778
14061
8949
8640
32881
36589
14818
11066
40517
9169
32506
11906
20317
3852
18846
23793
14175
18932
38468
26065
34368
32623
31291
36038
7871
9409
5708
2912
23661
37266
19910
38102
13334
12046
8780
18913
45349
29146
43879
28724
30794
14025
4088
6890
45580
30184
23802
36415
24395
15220
3110
31483
15826
17628
10805
44821
3324
23939
25355
13381
1364
39607
38932
32860
44208
22309
20207
37553
14321
4231
17981
34251
27421
35132
34594
25675
670
32071
7053
35378
12411
9317
27119
30152
7968
40791
19777
14376
32245
28953
13134
600
31989
33446
33240
42970
17315
5262
3606
23799
42214
41009
2671
14075
42673
36263
39064
34812
30087
41842
35560
17774
41135
24551
33934
18031
25275
40257
10355
10006
20922
928
24271
35601
29495
12378
39492
28799
28642
31548
17983
7139
33831
1577
16682
13884
24537
28407
32227
35061
4012
22665
12150
41177
15692
27107
29459
13338
31620
6299
1008
26836
38667
8167
32212
15348
22974
29737
13008
40741
30798
25186
13528
32086
20951
12613
17721
30401
28690
6810
18659
1629
16918
33033
26343
41020
42744
44159
2350
27417
15005
38927
44164
22300
2561
5961
10564
5047
15526
28577
34707
27913
33318
18188
10544
25525
25460
29965
12586
28770
24814
30014
3998
8024
39809
31425
36678
6825
12469
30074
27396
18740
39631
881
21420
19673
16700
17106
8926
41569
16720
43803
1517
40747
37670
5058
39792
37243
33078
4828
13185
23699
25342
21718
17339
31781
10056
19954
33969
14681
1802
7985
11938
5749
26385
30218
8148
30179
7399
16545
39724
13288
8358
16549
40167
10172
20533
23388
32132
27899
7284
10912
33275
44049
34897
4763
23261
24214
43060
32074
7769
29038
4111
15733
1131
43938
6780
13260
840
17629
20394
36093
9321
21720
9253
40544
12813
22049
41428
1596
32382
44342
40568
27077
22699
18481
23952
40468
12477
32605
14597
14464
14927
8618
2950
34551
39432
37146
32168
33113
36396
34057
11769
2173
21107
8450
36917
24595
23324
12546
19316
37913
26653
1458
26718
41396
17700
14217
17691
4661
43680
41012
22940
35152
23372
5834
33364
12448
39002
22391
26885
11404
13742
32971
6245
21470
39175
12500
7279
42709
40840
35364
26709
2914
765
33505
21801
12911
35158
44209
3904
11286
16445
22424
41747
4732
36084
36685
44116
7952
40861
41381
19443
5269
44861
9637
24881
18832
44027
24168
11232
40407
16283
33734
15269
1568
22559
19383
31592
9940
36821
31395
33828
252
17427
41958
18387
21642
14740
353
25810
12031
16790
27766
22721
5226
33993
37159
38749
4697
4969
24702
12561
16743
11993
32293
32418
25448
29327
36032
7487
43212
33990
35915
33184
14445
1341
26363
14860
39152
35377
17975
30664
29234
12798
37143
27414
18904
11755
36734
34170
10415
37531
23855
18800
32503
20841
30540
26785
2314
39569
764
25480
39199
13739
16840
35510
38019
23819
16365
38751
12867
42063
21319
34928
20992
20373
12914
19908
45472
10580
36307
33014
16583
43547
28524
1893
23489
36273
34301
24952
8728
22158
23134
31290
30712
1563
19946
1350
43277
36828
12084
40094
41274
41647
43397
38100
13106
23564
34788
40694
23762
24981
6039
11885
15510
35192
35588
15979
14865
25419
31547
41164
21484
32630
14315
24885
21451
34529
41675
19793
2172
32000
36915
39562
28075
18331
44158
26589
11864
6886
11901
41400
21682
14805
4964
7208
25436
17042
36565
22143
15028
41655
40208
41541
24965
672
39901
7559
27081
32886
21440
25396
8138
41277
25531
10921
4373
19770
29508
41068
17778
11333
15855
44505
34637
42078
25971
20747
24778
34837
34414
34132
22369
31443
37518
35149
11311
32088
11820
19109
31096
21128
33095
20480
14134
12603
7289
4292
21962
27829
30788
37906
7377
20423
1213
6462
31403
24726
30022
38609
35405
39921
8168
42285
35559
17390
13648
30599
659
1503
35772
24547
45235
32379
4387
39119
4838
5043
9773
9254
7417
45144
34633
15020
13293
38158
31152
14442
38020
35034
6493
14543
44872
43924
40854
40575
1799
38732
8910
43716
42865
44188
37513
35118
12316
33987
25928
27371
42045
38573
750
39109
11570
38006
24179
39012
12376
9094
19760
31180
44076
19720
28468
10450
2266
16542
28438
38944
28706
39590
20429
8288
33737
17650
39461
15471
18847
15241
23160
37563
43361
11996
25238
12639
29419
501
32243
13928
13616
40116
421
21002
16068
27848
43913
20385
39005
41088
33316
38411
42332
19738
30774
39027
11215
26840
36303
7264
13675
14680
7620
12738
14181
29601
21876
30679
4605
19230
1272
31970
20824
38617
1967
45481
14207
14950
27381
20410
34986
14132
7861
4452
13450
355
21910
19544
15434
23883
21635
24487
44548
28186
38929
44674
27046
43746
28174
5893
8077
44795
7463
5848
12864
38740
34775
9672
21237
14349
34920
18386
36934
10680
37234
19435
42570
3442
5753
40293
2991
39927
27980
17328
36279
26437
22223
23585
18452
18274
40942
44770
10978
7753
34870
8478
1390
8516
33434
25232
12344
7824
37397
22356
12478
21165
24784
33317
1595
3511
12948
5187
34833
16357
14029
22295
20579
18572
18955
14056
20812
16376
16911
786
5326
31551
5652
16836
14644
27190
12696
41562
35390
13056
20906
19565
8984
37864
28984
19198
43578
30571
1887
5964
22425
22272
17192
16059
2667
14396
40609
31283
2639
39144
10064
19627
36249
22473
7976
23325
8577
35014
43010
309
490
25218
27413
5380
37376
89
2719
43544
19089
44942
42892
27481
39407
17110
2496
17502
32215
41140
2068
6801
26412
11656
32955
2273
43340
30600
29254
30866
32114
23221
15919
19496
28761
3277
16335
8066
36138
18408
20946
10807
13166
36713
15577
10510
22674
22486
30140
18729
30678
20193
32423
22316
11727
18697
16112
43524
3058
12249
25848
3264
44491
20882
11453
34383
33408
12836
24132
40716
21889
35363
32643
5480
17101
30163
6171
30041
21007
31709
20514
10149
41556
26922
38527
37957
13116
23930
1534
19519
20442
2374
3903
17443
24495
34591
24672
36334
25703
37557
32509
34003
4760
12359
28780
16903
6516
31603
12620
37617
18210
13777
36994
11781
18647
24482
37079
24401
33322
5624
35425
3267
32875
44914
41850
21904
12121
14526
27100
18982
34504
15383
23794
24453
22286
12050
1186
5541
9220
41000
20743
44255
11241
639
1159
5739
30918
37700
15356
40926
9845
15610
28358
20465
6755
13007
27000
18024
42498
38009
33255
7448
27742
43594
20350
29506
37605
14564
25721
31275
10829
35487
12131
6752
33243
25247
7273
33442
38053
16256
15874
9843
10826
34939
22525
38583
16129
20335
5855
4123
44392
17477
40306
21616
405
8857
39245
32129
2334
37390
5514
36211
21054
20843
23852
26820
6002
2602
31542
32477
29709
4941
27384
5442
32906
2259
24151
12524
22100
14271
26271
27083
33649
40730
15149
37904
27223
26948
40003
18787
25758
5853
41234
14220
9723
37959
44187
16881
7801
24549
38431
962
31406
359
13210
11546
29122
38137
19545
32594
24946
31444
5553
6172
15436
816
14629
4586
13686
21797
17726
12737
7124
45516
29988
24020
8160
27710
43828
13376
29197
18227
38045
31231
4290
20695
34086
37161
40758
42959
35680
8675
26138
34731
31494
16040
10943
457
18063
16625
20907
37619
44907
20149
27466
28236
35302
38286
39039
44146
29897
13613
5807
162
13005
1980
22656
30449
21641
37369
41951
41786
30472
21628
10367
33724
5923
3953
8535
19166
41082
16253
12355
8832
28606
39979
31549
21521
10382
30260
44793
37049
34702
25162
9831
17508
29612
23171
42778
12383
43104
1918
7709
44595
9985
32456
35730
27066
10959
29464
15579
19455
17196
24086
6653
39090
6694
5910
42577
28113
30968
36466
24504
11555
16802
18313
37782
491
7224
26279
2011
33558
32090
25231
44197
18363
45031
1926
23183
16823
40152
14032
19161
2976
9029
11951
24743
12658
36583
36127
15188
26584
25202
36097
666
36221
15568
9918
13684
33146
37201
36804
413
14411
45189
25104
23189
10879
7033
16128
17299
18906
32646
37794
37517
14848
37037
45128
15395
34418
15962
1366
25364
5988
11818
2279
40738
31329
45318
30672
26413
26499
5679
13990
42289
38118
2069
35145
21243
36135
21380
10012
5584
30372
31893
25505
43187
9716
4200
16358
35327
42663
41716
24115
4852
7445
32436
1410
32159
24261
31171
7074
40950
21124
14316
45065
40338
38814
13430
31066
38584
21881
1202
2894
28238
20281
14868
43438
5668
1882
828
25694
39683
26784
25830
33429
38847
28827
33447
27977
29263
4641
41444
206
39420
22053
27702
21555
1182
14749
35555
24706
26217
25161
18653
7027
19413
21846
35271
17451
28244
7511
32891
23179
26373
22549
5583
38445
38210
40040
43418
26298
45102
7152
25445
24239
1858
7173
37758
25896
45114
22406
26452
1608
435
9159
31550
28011
915
11139
8721
32702
27975
16695
34964
32357
27801
29244
4398
31691
2838
9136
45300
18273
17129
17746
26209
9612
38430
21704
15389
23669
1644
8953
38000
38680
27875
45424
43198
18532
16968
27376
1170
30822
44588
9658
42977
7520
4831
16711
39234
1832
24296
36522
11601
2447
25659
37616
29325
31779
9815
26752
11675
28760
10438
28065
31756
25397
28209
41724
39950
39305
32441
29306
8237
45028
42180
21978
21826
22815
10828
938
40509
35069
14424
34742
28448
26474
11937
4966
30960
34307
21630
39516
42282
11491
3123
29491
36489
43752
27709
3146
29945
12726
33510
22700
38236
12842
825
40649
1639
14395
32252
7025
25769
23402
18674
32541
40268
38576
27727
38390
38729
37313
37876
41331
36400
5767
18200
36204
2770
28147
11606
45333
39049
45603
33491
2590
15320
8716
31856
1579
31091
4435
5441
26674
21210
7605
4653
14483
43279
30487
37261
42719
33845
6942
30405
42322
26402
4318
24012
11196
5641
22918
15608
26846
18613
9636
34031
8448
34924
30363
31591
27318
5432
27736
10708
4543
39822
21438
11395
1230
13851
8604
20781
35736
23986
7297
12327
28213
41163
5763
13214
2562
33134
28594
23755
7109
23879
2864
31608
23846
25851
23488
32150
29445
14140
636
40004
31347
22271
38094
6520
4540
20556
18327
32222
30480
22862
23862
43917
35433
41310
24722
17287
38220
10812
44903
35259
13689
38530
3285
29036
42287
43293
1668
26596
15037
19529
12588
1691
41630
14820
38849
33715
19505
2109
38115
32741
22156
42133
40413
42898
37527
19822
14252
738
13417
15314
17810
21956
44626
23675
6414
15451
26339
14035
4943
34293
6256
23870
41905
22500
16447
23148
18464
3599
26781
40673
11518
20874
13441
39883
28942
17965
16787
9097
1554
13054
44249
13992
36267
31453
12770
38613
26297
38976
12580
28542
3842
909
30837
25532
38943
34642
42185
29786
34798
31775
8462
15955
24372
24605
41743
25289
45132
29354
19945
23735
33765
10545
14504
1692
25528
32908
36805
19142
19092
15347
35137
1666
28988
5069
43830
25303
26200
44373
38500
39472
35545
37950
35148
43359
39016
33920
32180
41075
38003
272
19990
30952
21340
27273
43061
35913
12482
24737
45484
37618
27708
5447
35321
41808
2124
11568
18522
3179
9014
27903
31493
14948
19900
24488
38092
7351
21412
27923
24021
31569
18555
45191
12987
30647
44840
3447
36408
29949
24574
45486
6253
17918
27418
36205
18725
18240
16859
14454
22863
44258
19380
32219
6957
35548
20793
22349
42314
19706
24114
38483
1393
18896
45155
12734
2270
22011
9135
21711
38293
10966
19203
14746
22075
13289
31400
7221
40745
3374
39088
23374
29297
35385
3682
1480
627
43666
30203
44022
24231
495
41233
18085
8746
30075
30377
25681
12463
7075
16659
25360
40335
27334
39494
8922
41775
16773
24025
7093
7549
42590
28853
35800
2397
17317
5057
30715
11357
13049
30451
45593
41953
22097
39038
32495
8847
35597
27911
41802
29359
66
44772
32527
24584
35274
30247
1198
14772
19384
24582
9524
35133
30034
12662
40474
19526
21202
20672
35644
44611
15615
9513
44683
14906
16190
23924
45616
38511
3129
37925
12079
3679
40234
45508
3532
15722
41543
37477
15778
22793
37627
15968
18086
13044
40562
22857
8796
6360
39190
3037
0
26423
41026
5526
20948
4339
34028
22091
19299
11118
28149
43054
20880
13984
18883
22034
22595
18250
2729
19754
17145
34231
12686
42294
45332
23728
42843
21594
28593
25507
6187
2317
28964
31948
563
36947
20472
14833
6875
41156
29088
898
3032
6715
33978
43077
16609
30477
39337
25872
32853
15841
10535
9749
37371
4181
2232
23126
13232
27174
8702
28848
10244
42633
32856
33091
37845
30509
30304
23806
10598
36114
30687
24334
25338
34270
5587
13585
26971
858
28974
1770
981
7759
41885
35283
7864
14544
37520
15430
30197
20261
7780
43027
18606
846
37247
14199
34907
18662
6763
19167
35941
7110
40742
24648
13173
2033
2354
17595
10326
4204
2986
31613
38655
2689
23632
30877
16390
27317
18684
16014
14183
45135
38790
15103
43596
16245
37006
9751
40478
28504
45405
7246
18365
34708
37444
28234
28888
40303
27485
27625
30745
28907
33204
9222
3554
31142
16383
38414
17843
27374
29092
22208
3282
37305
40476
20168
22222
6361
36778
1551
9564
18423
17076
2403
6219
19855
37172
3959
17054
1820
37512
43219
19735
22643
41426
19512
29076
29644
37306
29139
13877
12730
8714
2335
2038
2455
15299
650
21732
4559
20608
36607
19635
1267
21335
32850
38385
23763
23841
32004
43064
30753
25817
8686
17313
565
27443
5684
1347
15512
17230
19377
7568
6596
44894
27879
4379
19757
2953
12705
31815
22423
44409
5173
15617
27153
42478
2102
31263
21010
28592
5369
13115
27628
18998
2370
39905
2418
41819
42080
38671
36786
6408
23993
1620
39532
33909
9062
23240
31308
1268
17294
2170
1396
24034
26270
30956
3185
28682
8371
31416
43351
35239
41168
40157
2819
27657
13502
444
37753
5754
663
10675
40625
5232
2023
33562
16478
28696
32708
40419
10126
3241
23456
1486
41178
42559
23815
6032
28781
4144
7696
11565
27291
11733
18022
26961
31867
28217
30313
20440
43814
13361
31363
33206
15890
45586
35909
28189
11115
2794
26354
28987
44307
17663
24990
34849
25618
746
13690
21409
33647
714
4243
4821
27012
16746
43841
19210
41004
947
3352
20999
3020
28742
32799
32794
17377
18185
27812
43802
21017
32940
26150
29514
9945
30493
42717
27797
5072
34871
21379
42093
31715
44087
45086
37180
20909
22340
12260
29725
8787
1071
28140
42852
22227
38608
38716
6182
41588
562
18910
24624
34046
7340
15658
19664
39254
33278
15077
37575
404
156
44800
37908
11964
43713
31641
30077
21400
32350
24330
5261
15576
42316
192
1828
5862
13390
18032
11112
24684
1593
1920
21508
19323
36352
42297
7773
28886
23045
9997
29140
3809
40383
36700
43036
2290
40014
38930
33107
39297
44140
12140
25333
23226
34547
45196
44415
38206
17157
7534
6665
21094
36771
40121
34997
40172
2260
20347
4028
43469
23966
12191
22969
16325
23277
26153
33103
17300
27527
31182
23097
25216
29106
4044
22068
35188
21550
20692
10319
7450
4035
4038
40471
20445
29174
24616
19281
2796
32703
41439
275
32332
24596
14606
34562
30713
1787
18297
4497
39353
3518
27854
39178
38246
42831
25187
38768
30634
3948
45234
33203
6727
25425
15969
13735
4513
26120
34659
20786
32692
28604
10991
8086
38737
1816
32384
10477
25926
4080
15342
31808
2571
23532
35300
8037
15024
29994
27958
8741
13816
8260
23382
5707
38928
5485
37110
25710
26387
39704
5516
7777
6870
9205
7476
37163
7453
13754
6774
23008
38728
15290
24901
26934
14916
4413
37970
17517
42681
12154
10508
16846
21514
38772
28487
5122
6933
13386
43519
20466
40254
14657
45446
6826
32687
33654
39992
14593
13195
911
22031
4154
24835
32800
44737
1485
8732
40975
27050
24682
11136
15311
27816
28663
31642
36721
34441
26678
1329
6841
4806
26013
41292
12217
27599
10352
41688
3838
42096
45057
40165
10297
13406
30153
14097
1216
24533
22519
29461
43048
34973
36551
34250
32993
23634
34808
23256
12545
1646
22128
44629
15909
1894
5705
4808
36544
9160
15932
40105
22448
3724
10876
37038
36787
26067
6845
28514
11375
25886
33147
13980
6561
24506
27471
13329
24745
16457
16031
45239
6735
34881
13563
21896
28152
19788
5748
37658
16742
20257
21949
8170
12401
40402
35919
27135
29416
23054
45501
3474
11923
1986
39752
44124
9293
20782
1255
28266
27393
18860
34819
4449
11528
40979
15859
44109
32911
4015
35963
14465
30208
8208
5962
35578
26086
33690
40526
31490
24044
24391
1155
8211
22058
35072
3565
22393
42471
18807
21073
247
17826
40941
33019
16646
43068
20371
8552
33218
7192
8651
17545
19287
32032
3747
34885
42453
13027
19903
30124
12097
22967
36083
39777
28896
28173
32474
27594
14907
34406
30483
16075
1407
14244
37677
23983
29396
21780
23708
3658
28387
29064
3227
15271
29216
1966
13978
4475
50
6939
42150
24161
14289
33257
14159
1857
18499
28300
28596
16889
26758
31882
21161
32028
37341
40864
4625
33292
10500
3521
24266
21269
20621
24628
40377
25683
10795
3018
24185
24450
4120
27070
13641
17220
12428
4291
11479
15705
18764
23565
21396
43964
41165
23467
10692
6541
7532
22539
30630
8855
39813
27985
23680
38481
16885
25241
19927
7588
43736
27144
9130
5936
29953
14942
40267
22566
703
18184
43958
18817
318
23099
18483
16255
1537
16939
4491
21967
29891
32921
17340
42524
3031
9002
20309
11857
42674
29404
24744
7535
2919
21517
43165
3475
41911
29109
26490
2759
12598
13948
18600
8120
39276
21432
13925
3588
6684
19408
4245
35010
44576
10684
22803
7482
28383
18455
16650
14139
8407
1425
16740
16662
21977
28070
6207
18679
44755
34238
35484
17289
20960
1927
34435
6669
42543
43364
36391
38942
37053
39708
6642
22025
10862
41726
4795
505
11578
39220
45311
7034
12808
22036
39991
556
27677
22898
27633
44544
43291
6175
3389
44775
24553
45042
14985
11005
7615
40988
14350
20901
31350
10169
38570
30404
28242
6588
3680
21970
35973
12374
143
29797
18152
5101
11643
21294
26957
17985
41633
19388
42901
7229
4929
1377
36681
25368
44520
951
21148
37805
35450
38325
778
24337
9974
41690
13198
31386
15748
30242
28098
22105
1455
2031
33096
38602
26601
35459
26677
279
10528
23044
22181
16594
38426
36922
22414
12286
4141
26576
44888
37975
12884
18546
27972
37405
19783
11940
9892
27080
41712
21767
40949
39174
37577
23006
11258
42616
9782
35324
45498
3915
20787
15167
36344
26258
23463
1717
41368
5603
1591
33550
5955
11801
42504
12333
44296
40389
18534
15096
2289
2098
29185
14388
26386
34081
1804
42134
13640
21108
2918
42574
11300
16125
44752
44148
23442
34196
19864
40054
25267
27953
16361
21901
19242
37199
4672
3288
17820
24447
27978
41484
1999
44149
42191
2121
6551
23060
8362
32195
11047
35083
9055
33624
21886
31008
18308
30814
41595
8321
28488
2043
75
8071
232
11881
20717
29815
6076
31433
2357
41517
18050
18336
38214
44799
1896
39343
4574
5223
32137
27390
3822
19637
35851
12164
15569
31303
35110
5325
18285
36420
32844
36392
6921
2133
21744
19919
43121
23455
1005
6355
13625
34013
39703
3303
21918
6057
19806
27463
8912
26441
44030
39184
3528
356
11310
4342
39690
12388
39097
35279
17112
36908
17191
30638
35608
20665
24654
43836
41199
38066
18500
18957
41749
22663
39205
4843
3217
7379
22419
31632
25070
3919
34035
35167
40201
34187
4708
3620
6035
4126
10440
37087
23606
41305
7106
12215
19579
3223
2997
30983
23083
6480
581
10
25500
3531
7387
26611
16262
21938
4573
1635
38625
18077
5676
16936
2097
30335
37238
2164
14645
29569
35389
21388
37323
17151
2054
37752
12851
32490
35768
40602
44276
6430
18803
34660
323
17462
14041
18830
1603
34921
14908
30280
32091
32796
35875
13589
34864
40894
37551
5593
41207
9528
7165
29287
385
27869
8529
32263
32358
27103
5673
17290
42523
42012
33571
29313
14128
20657
38024
2484
22291
23529
18317
36381
36613
24878
9494
7703
39277
19713
11062
946
14797
16981
33478
28392
16983
41443
18207
19909
2225
34235
4816
14819
23683
3057
41311
27344
14437
14209
26303
2117
5634
942
14020
3967
44846
1722
44316
45005
25915
38467
35397
15913
31748
40862
20852
32811
11667
12568
12818
3673
2316
9615
29439
29102
42146
158
14823
32515
7485
13424
16794
9674
25332
29034
19037
24353
5471
8434
10602
23026
24228
35359
3856
14945
29854
18338
19213
32954
30917
88
33445
5678
34578
15253
26658
19624
18611
19507
30320
20068
15135
37847
22816
42266
3550
30567
27256
30407
12138
25798
18322
37432
12970
12579
4654
27660
36679
18960
13746
14555
15597
6307
3318
9698
8
7736
41730
8623
22245
11239
36275
19976
31279
42739
17212
24938
13749
25307
26167
34398
34085
24519
41010
22193
39036
19773
33618
35739
39935
35463
42346
17759
1370
33241
19595
8417
20964
35725
8513
240
44583
15076
29671
3608
34223
30958
3778
23618
19361
23229
26928
43915
12923
16360
27168
39625
30101
11306
1265
1150
22421
20713
22542
25103
40760
3988
4878
28386
14495
22162
19346
41856
43506
43874
14601
9671
12612
20066
12809
33945
2542
35774
44734
35360
9649
552
8126
26237
20489
6969
45467
31958
33017
26278
9365
29565
36893
35589
18487
12375
39738
235
4281
8387
17601
23998
33651
37622
35332
22166
17766
23315
10092
33159
6083
39848
31674
11299
22348
16569
34623
7326
29041
38133
15917
44428
34353
44201
8598
14200
42451
3008
30342
3627
16978
5596
41522
29143
24284
16410
11163
38097
24283
42611
12757
20397
33967
9549
25764
22234
30925
10902
2416
9553
32985
41173
37675
27094
7537
15544
32223
23273
31224
25831
33229
24227
4309
38882
17675
25352
32764
19159
19926
18149
40706
44598
15215
39888
27550
27737
17436
22403
8452
14744
8874
20675
30944
30580
44320
4350
1565
38131
17882
37407
43733
11965
40878
44189
21026
18142
13612
21247
34761
42009
44817
15848
24934
831
19127
17343
22094
14630
17486
32123
18319
35733
39588
23786
31037
11622
31567
31792
15509
31380
30611
19582
2243
4255
6795
5919
40952
45169
42758
38109
30019
35889
36159
40245
8287
6268
4951
38603
6112
10281
8550
38399
41101
17183
3540
7958
12356
22460
40967
39132
37191
31745
29729
16148
16149
16765
32499
731
23730
16089
10075
33847
38400
28855
2061
6166
16110
29165
4809
44546
18437
24589
24116
39617
21449
40537
31207
3287
5674
14501
42545
27723
18084
9547
36851
20252
29392
14164
9268
36656
39403
41773
39514
29363
15657
17859
11487
33015
4891
5992
5682
40978
16183
12305
34246
13630
32986
15570
12136
3133
27909
2415
38005
21923
43873
44322
4077
4102
18306
20738
3982
6946
31423
6040
2213
21878
8278
28839
43588
42292
6783
8254
24150
1386
22860
30658
1197
16296
10057
17765
31253
7929
37078
27662
15723
40697
43244
38958
9598
6460
33399
33030
10830
6273
7359
20836
15487
34915
38410
42420
31527
19522
16487
42825
41782
21599
14826
2458
18283
33740
37360
33511
3350
6351
40853
23574
24793
18513
41591
21463
19657
29447
28108
37136
11730
11234
20590
4677
33950
21236
15725
6770
2385
21375
14083
2177
9037
23843
660
44911
601
16254
37379
9464
19366
27030
18485
1269
17002
4278
3061
36752
33427
2708
1471
995
330
16970
43897
14373
27325
37174
42081
3363
43103
8463
22263
32827
31763
42562
24679
8582
41488
2184
1089
27664
44656
23430
3760
34705
6439
35979
30937
36384
22004
28148
27464
21948
27446
30268
26314
31450
24183
14161
39510
26115
3580
569
3872
10834
35299
10327
3325
19774
20759
12144
38991
28302
27234
16648
16531
43515
3153
40549
44370
33646
32487
22045
15180
8538
24698
38717
17893
12659
3757
44982
830
24390
44399
42449
23892
22577
6052
28301
23906
35368
35572
9991
39017
17472
26312
43642
39126
29369
43129
1253
41765
11144
13311
98
2520
37541
12066
22408
22209
19151
7584
33383
33161
14100
16925
30182
27301
26132
308
13679
4935
43978
26633
25270
17052
27926
38041
22823
10996
12183
10854
45255
640
4405
3829
29025
20736
34335
36364
27311
18964
25297
30633
11247
39834
26338
16714
30464
10874
24638
34296
7086
36887
41382
31783
14503
15041
11998
3517
33109
14018
32793
6927
27789
22353
9144
6753
41944
11982
25044
24311
13820
27947
20745
28525
2465
10394
41691
36924
26960
36901
32854
19011
24739
17035
4962
6147
39725
22177
5455
36540
37133
19747
10623
44886
36702
18711
1237
43311
13676
44444
38150
33821
948
31503
31415
39650
8821
11954
40024
31683
30201
25156
22791
17869
44460
28476
43278
6269
38561
8461
39161
44630
8223
7080
36472
11265
34899
6146
4365
41725
16032
25329
314
32445
35196
33557
32868
18291
36536
28808
4090
8764
6144
22548
6985
30065
14231
37328
29770
28711
33009
29068
33084
26030
38989
10454
18813
39649
14943
38489
24955
13255
16342
39791
13453
43089
13154
24403
20947
36324
37967
19458
34669
20588
9743
6576
32307
25066
38544
35807
32564
19745
43482
41974
25593
17710
14917
25804
7771
44786
5869
2393
1090
45408
38836
7697
13565
18691
34140
5341
23485
8795
45282
19358
42855
35361
40081
3592
10720
45276
28913
9825
8213
43118
12348
18433
25193
19106
16226
31819
19844
45098
19343
29151
39331
13310
1819
22893
5218
17961
38605
8870
17303
3226
2404
4716
26691
31833
38175
20391
26837
20638
32466
20510
3437
184
4898
45538
24929
25713
6048
4122
34176
20056
38724
18374
35267
27264
31467
9759
37570
3700
30358
19533
268
26003
36494
23359
801
42053
39643
41197
20771
22192
5580
8556
843
45285
5440
26637
11424
35220
1733
29596
3161
4069
3755
31045
41154
41461
19843
4588
44790
7999
16572
40802
33251
37385
25967
27516
31845
36519
30899
9721
26985
41678
6395
39388
44319
2481
35778
15499
18503
40589
24014
16670
2930
29583
31498
33878
19924
23626
34802
374
8392
23742
17494
7263
3927
36663
43896
27653
35261
3971
20554
35059
3729
17615
27946
24963
24341
30579
36242
1344
7277
1904
7100
17075
36441
19091
45250
13634
27235
23445
35703
11926
5575
5762
24223
39786
40463
9740
8293
26750
25711
37438
30849
15404
21656
11228
394
2709
42575
5445
10145
44145
4094
24688
2617
36871
11774
8014
10100
28617
5870
1823
34656
21612
37260
35789
7587
38448
26562
43523
32070
29030
21173
23707
5629
20927
20939
41828
30501
7439
8089
43132
23000
25498
38701
7254
19733
12806
27794
2523
742
14712
6761
5027
29883
39808
340
33759
15545
36776
16147
6177
40885
29509
5612
44466
42115
33933
31767
3874
29950
4151
23380
35563
9045
1777
25130
18020
38249
17670
26313
14590
23043
15488
14327
30950
31331
41506
28102
22021
1844
9809
7675
28377
4983
17029
34586
15136
40693
16108
4430
45002
5494
31337
35613
22466
34369
15631
8174
28784
779
36478
22569
29840
34846
39699
3585
44690
24154
40795
45266
11592
39807
44101
5888
16231
31103
7300
15150
18974
25198
20550
37523
1736
15355
36933
31411
2996
16586
20320
2703
9011
1907
38453
18635
9540
33661
1876
21271
33181
8812
26930
45213
9534
35419
29048
14669
21369
7022
8811
9325
17552
8720
18480
42311
31097
12811
42250
14046
42330
10245
13463
37484
5061
44743
24805
24232
44066
11155
17611
3970
25004
45061
44778
3444
19441
12804
8837
13118
2967
1782
26872
15308
41116
23042
30146
14058
19593
29426
18507
39202
45434
6635
44045
20618
8183
16323
37542
34814
28846
38738
7557
43128
17100
7560
18579
39616
28151
29521
35367
3099
18654
38547
33778
16930
39241
24762
736
15195
6302
6609
8314
17238
32274
13207
38540
35229
8171
44
19349
39903
12429
25589
6485
32803
31597
25295
35994
37318
39735
35978
20383
41871
32600
29747
6883
44766
3750
27436
44558
29952
12570
14146
4390
26229
28538
30582
42460
32698
13410
17980
5307
28871
24343
7729
11270
22741
10063
8736
22017
37748
28013
42645
35999
16391
42203
19513
2228
45329
25272
753
40657
29434
13680
20054
17312
20659
24509
18253
4284
41610
3869
32421
29845
28356
1284
37870
18482
39628
18601
44749
23454
18705
38668
43709
17627
5121
12978
7745
37476
13620
9064
14816
36733
33968
25072
1937
38832
28732
15162
9805
21536
26282
13236
2344
15643
15872
10573
30650
17809
6093
34025
10243
10315
41271
14071
3047
26292
38434
39218
9643
3445
39118
42239
8140
39926
42958
9747
21291
1939
1849
6911
7322
13871
29315
35661
33151
37495
10222
26973
27304
12252
5974
19719
10889
21268
24421
39065
30194
6090
21457
8342
30254
22249
15595
6789
29397
3141
7012
32960
13176
7991
35516
16327
14281
33989
19960
12693
13819
2738
26484
588
1759
22214
32790
42337
7228
40504
37863
14113
26580
4118
38461
38382
1516
17228
32892
18490
18811
22557
20325
14232
29926
34758
2222
10832
25357
19023
39170
30341
5235
31670
41200
27682
39450
5899
15307
12865
4217
25491
4258
33373
5036
36290
18727
41334
35859
16901
20389
42926
35205
9705
9963
25010
17514
41418
39595
17903
12908
42120
26124
6481
20577
14429
40482
36067
31388
44912
34410
4165
11428
8243
16488
30141
44063
5849
40211
10376
10235
26427
33280
9051
8816
40408
13145
20180
15628
33786
15854
23703
23880
8696
11749
15212
9334
40394
40616
43504
10777
20243
6464
40414
9413
32257
23944
19493
3139
31155
19846
823
1584
45568
9173
2112
42770
26682
37499
28160
9602
42488
2494
34782
12073
36590
4226
5448
9000
13408
20758
44666
2242
1462
31206
31310
27375
6689
9567
36255
40179
5300
35822
37739
31146
37088
39867
41095
22052
18332
27434
22813
33655
30895
43434
15075
3657
20549
33253
3695
20542
4482
28613
15122
26070
26240
22640
26210
39335
60
21684
17639
26859
6107
12385
28008
6904
44194
40966
32959
34912
33086
30273
28944
18909
31449
14635
3549
1747
1978
5954
9987
39988
4857
10466
2174
30305
29793
26681
37286
40577
26108
6517
17257
39768
41966
38868
44896
44074
17476
39861
38187
35423
23196
11868
8328
9914
12822
34674
41057
14779
25082
14218
12291
2989
44720
4264
35466
44381
4945
45418
17886
22662
23555
19610
2114
38825
5557
38462
32949
23238
39130
22240
26234
45026
37337
15877
30190
11997
34138
9911
25125
256
36435
11679
1730
21779
12413
16235
14333
34146
24349
21547
26288
43843
27826
20424
21293
35948
2506
33228
9044
29285
2582
38177
44361
25510
1925
11187
16363
10361
38968
34774
10174
20285
29152
37797
45212
13538
30400
39639
42886
32303
33630
35032
6887
22145
38240
36518
14668
7578
44662
40065
5645
7676
17581
14265
2263
28192
31696
6881
693
43273
42463
26654
9924
43250
23925
41394
23066
1764
17131
33570
22189
22028
4568
20778
27448
4158
7330
31396
11922
23412
43715
30663
8251
8268
26097
27477
16822
21982
1160
42336
26207
7268
9114
8902
14500
32898
44738
32305
12554
16566
41077
2153
11549
4502
14764
19858
14024
908
15751
1861
33249
33172
32607
23453
32399
7768
16872
12398
23151
25222
33114
23663
14653
7405
19978
45432
26918
9926
980
5063
27178
4561
12300
24028
41325
15104
6192
14118
41689
13844
25224
2722
19736
41572
44747
3299
39486
26771
2188
15381
34937
32178
12407
35322
19238
15574
22078
32870
41668
38787
13872
1245
22633
21713
8927
43264
17612
13022
25529
30533
26641
30757
17703
24696
34521
32659
6678
11322
44940
41826
7521
18064
29829
21931
33287
27577
44574
40349
5702
27400
16411
42084
2057
16482
27125
20954
10061
903
29330
36131
27183
19721
6320
41589
14733
37279
22048
39475
6859
27713
40052
32125
28923
31664
19487
10197
43247
9477
32036
4474
32235
20363
16725
26046
11201
38945
3168
32204
25030
34574
22554
39402
42549
32426
18206
44708
36409
28639
13153
45390
16159
5096
32947
27377
16284
38851
29463
21965
25706
15394
27244
4640
5659
12872
19008
11468
14408
27500
45230
31500
30240
39821
30118
4798
8813
41857
27008
26688
42819
21194
32693
30974
45435
29876
24117
44185
8334
21270
42733
42884
3777
9448
25268
18908
16974
9440
43021
9303
26391
40922
25324
24498
6224
7653
31247
2665
23192
13235
21309
16892
31164
41550
37679
41601
36961
32420
22858
29400
6794
10380
19419
9693
10070
1397
8666
27121
34019
5693
35151
42218
39874
19634
35895
7530
42588
6990
38002
40751
19450
8025
19176
19778
13700
28199
11953
31006
368
42800
36319
6579
22474
41933
23620
45298
1934
5372
41230
18615
14420
32781
6081
20351
40680
4488
15113
42666
25471
37521
38639
30850
37580
45629
16232
13060
13031
2262
6743
28636
16605
4283
20585
9478
20528
40251
31634
2676
25001
38447
29532
23512
22287
44726
17221
13951
23032
43959
6139
7072
40500
7857
42350
18187
21358
7486
18644
8876
38804
39647
14444
1831
33488
15190
7766
35704
24956
1149
32234
5833
16347
22228
4824
44106
20727
21472
10066
7470
3999
35650
32387
14728
10226
10372
39976
7196
10710
39251
34841
2737
40584
2306
12102
42407
6435
40993
39662
17350
28535
11009
18145
42732
41393
41496
41684
30307
33582
25536
23223
16155
42352
35275
42238
18270
23132
29835
43234
30622
28934
30269
27949
18103
1942
18744
4995
44684
21331
20000
19879
1032
41388
34416
41146
25266
4879
37803
3048
2885
6527
42194
43809
40090
27129
19540
30467
22489
3485
44166
34197
32589
17577
9529
10892
36325
27536
14030
43858
21338
7150
35906
31908
33826
31966
35068
11327
33773
30192
2226
27469
34575
24406
6028
26399
37457
26725
41859
42667
9289
40551
44719
21926
25208
34515
37883
44473
30726
41470
44036
32469
3587
4938
16428
1833
36997
39694
13902
24683
4337
27697
5927
37695
18301
34889
26095
9682
3440
18146
1134
43610
38526
7518
43853
34175
38141
21646
22754
27247
21123
17028
16819
44904
2857
44461
21578
17977
44694
36542
19640
29237
26588
9543
9557
12980
35645
19836
29794
24393
42514
24732
4976
45125
40426
21488
34701
15176
8923
37065
1636
4544
31434
985
41038
38565
22188
34314
34118
20378
33267
1395
27456
32163
553
22828
23869
26123
28677
17877
39180
4391
22179
2489
26179
2933
4980
11573
38513
29187
14447
35813
14403
10335
8305
1287
5344
36167
1812
18217
3582
6672
34116
32924
30881
40485
9548
32407
34627
30435
40281
12003
35876
1191
19157
31353
13239
37729
1902
5760
14890
19454
3932
25255
30614
41126
21551
43463
22118
25597
25910
33892
12026
19877
13773
34408
32374
15377
16415
43453
37751
10750
12892
32567
6840
15480
18013
28622
27147
11022
40433
38950
31099
759
16850
36411
41468
17115
33663
24767
24692
45302
35787
23650
14508
42241
6526
38266
38317
17779
8966
5077
17159
17241
26671
28229
26835
1210
28669
16914
39586
26518
15080
45411
20416
13340
22455
21913
4443
43708
3334
3958
13345
11770
16261
17135
44748
17435
3311
24949
15714
13069
4680
34511
10094
16295
19958
5775
23003
21959
5037
23947
4010
24522
15242
2691
7372
12523
1890
21543
29706
16907
10773
34677
38365
15344
8547
20751
38379
25040
4424
35295
28431
6357
32574
26999
39698
13857
12460
11748
30863
29504
9244
7852
27257
2077
32873
21116
3006
24800
22958
36514
30426
40834
34836
19243
10928
43159
17169
33576
13052
18166
24833
17828
16829
6218
26076
9182
19790
38885
23968
21374
32740
33731
10973
21716
9255
42271
9442
35769
26225
15036
13573
37009
36609
17695
5334
31176
3650
28203
27870
11589
3163
39456
27239
22909
44309
11582
16580
37211
15873
37930
20165
8730
27695
36195
21001
41283
36020
4412
24235
45306
39996
13010
14284
970
30817
37281
13921
20678
11893
9686
2078
37977
17349
26804
36192
32650
16028
3065
26565
18833
29332
16013
744
29999
28276
26604
12996
38252
32731
32570
9861
15027
12019
18665
43300
41702
24291
8867
22301
2806
2446
29473
2187
1619
20178
22688
33812
38339
41460
29136
34394
3969
33788
34378
15594
21076
11814
31016
43845
38342
20144
29969
16703
36680
15321
23552
31417
26056
8673
1456
2855
9258
18861
12229
3683
25509
4138
6315
21393
10950
7023
37926
17456
23419
12744
36439
3291
5847
29885
20551
2902
10672
1110
38897
1288
30826
39818
31907
15146
6909
23345
20475
30339
6758
16941
4371
43360
13237
43232
28254
42897
26886
37302
36046
36107
8931
19572
39439
3566
10547
31280
3340
33384
7937
21350
27655
18075
40262
24426
22761
7364
26722
29991
17376
23468
25495
28526
6509
17242
20704
22199
38356
34512
44917
45293
42342
39397
23701
40640
6961
39673
23866
28437
4635
17059
9582
21580
827
25138
18069
39744
39253
4065
3459
38954
42952
29133
14400
7778
7375
34094
8369
14452
13670
12657
10300
12319
24887
7663
9275
34646
26949
37558
12431
12488
12747
6670
17181
30947
43260
35910
29056
12519
30267
14296
15884
38572
37798
26024
22686
20061
31543
19212
2168
34053
13483
43346
14530
1115
12906
39875
20640
19214
3403
38996
41525
40662
9231
41623
33554
9033
30572
27206
7795
41931
22384
24417
34329
41148
15387
31658
12057
3781
43289
16024
6499
1678
17268
44785
21861
45597
14085
8947
30121
6855
1515
28277
15669
637
11626
30784
22652
19060
32267
37600
20065
12253
18390
20818
33460
13248
3513
37280
39222
26082
31168
4210
5527
18459
20439
15728
27228
5273
16705
22798
16371
7682
11585
2008
18660
33166
327
39597
40008
13740
25398
37402
7855
21013
43697
2080
33606
21487
15256
15154
30311
16540
2628
10069
36359
43849
2899
32105
24713
22186
11149
23674
37465
43117
28634
33137
7570
31187
39522
84
12369
19998
35260
17576
45572
34336
5142
41124
39338
42388
42993
4807
37884
964
33804
36387
14788
42321
39102
23690
30104
22897
41959
18233
33941
39582
26897
14778
4547
34485
35453
27263
24808
21687
17574
14521
10268
24338
7554
17729
22509
16536
37105
24918
4299
29382
168
11766
32688
14307
42827
12232
32381
40192
33774
2892
28816
3332
1785
39336
13854
45526
43577
3414
23756
7136
187
29141
12517
1729
31185
22149
24556
39231
26157
583
18231
41767
18889
30397
20181
38449
9224
40368
29208
43047
12521
36970
2047
28354
27266
26476
28066
22669
17009
5921
31690
34971
11540
23234
20010
18243
19776
26790
12162
26457
31033
24777
17879
2400
28418
2139
38204
28790
32919
16172
26121
392
5451
31408
37532
34323
730
9954
379
34513
37278
4564
23421
24258
44615
23290
20256
4674
23851
35818
22494
12765
31515
6260
39739
28020
17222
13046
45402
11441
41097
28475
45006
2741
43092
28691
30127
9814
38234
39458
17507
41215
35639
8345
4197
17685
6298
36731
20348
39373
23429
32120
4604
13300
24875
249
24858
22818
4079
11615
15411
20249
33768
41613
37351
10259
18155
18275
16833
19898
22845
39274
19676
44315
9141
8102
41619
44172
3421
30219
15349
1054
35048
34894
1586
13577
21898
31181
10153
16048
45566
20800
45436
15151
10252
8458
42098
34328
29702
16927
32647
2096
31375
45336
36928
31900
25062
15317
35634
8699
44632
33123
22360
27059
8404
25921
16884
11329
16708
7288
11686
16992
39095
15560
29362
15766
13186
3358
3257
18749
26110
17421
15057
18831
15862
4469
19939
18850
10782
19826
4551
21942
13078
10896
10968
380
12674
15446
14932
11693
42841
16576
21066
33200
9013
18133
15763
31795
31570
19649
25808
40793
6223
37464
39781
37085
32172
12795
24612
176
27252
24093
36705
18172
45015
22920
20446
27075
38171
44653
35098
10919
23299
42228
32093
37193
1059
34018
42159
38477
28320
28012
24914
4811
28980
43692
37791
41609
13892
23326
551
43224
31059
25006
17064
41107
15684
21290
25172
31214
44128
24857
29922
38146
12110
17558
22675
38571
26074
10706
5717
22225
35023
8411
16853
19457
3613
38652
27689
37195
3315
21056
6954
40851
3547
29796
38374
37102
23973
43734
9400
44562
33692
42466
14790
21274
34253
42073
757
21765
10453
39186
18949
23205
20918
32097
18292
18037
3204
34791
43333
42367
20957
10214
29312
853
20191
32704
23619
722
36327
31913
43241
40082
11417
34874
10542
38691
31327
8662
39736
22747
19401
18645
16188
42142
5766
37194
38016
38914
45463
10599
34420
38799
41441
21980
5916
42722
23513
43525
45528
3420
24396
2718
1613
40321
27806
73
19277
33480
14838
1440
18298
3909
32952
41994
19722
26946
20300
34066
9894
20524
10957
9499
11174
3841
33311
623
32055
27191
20064
45443
21197
24874
40336
16916
32279
8522
28885
33996
8137
34479
43493
23714
11956
15235
19175
26888
21419
2417
30503
8382
38200
35107
10935
36328
923
15169
21573
29507
6566
1227
24989
20248
30561
15743
18657
21009
36891
23257
18396
19991
31374
24037
2905
31990
10611
39269
10594
28464
42035
2229
23389
22610
43918
44298
8678
8354
18599
33262
38454
34062
14151
31581
3544
13831
38304
1567
10129
5595
13663
44638
28976
15673
8075
8323
24187
18470
11634
9502
2497
19546
26807
26720
39626
4216
31552
42602
16665
1123
45604
42200
8189
25642
19168
3961
41253
44016
24058
39661
9969
30838
29364
1852
40380
14226
26657
44700
35801
41770
30433
36755
16184
11647
24911
28318
39306
14240
9586
21105
41807
40035
1264
22174
21915
12180
38926
34880
3216
14649
9142
45549
44943
33588
16473
756
24716
45536
14112
26592
3708
24077
22579
41504
8798
24888
4473
35422
30125
11728
30036
45004
11074
24966
9572
33677
32982
14993
2926
33534
1101
24774
29970
21794
16174
24507
21606
8744
32197
485
30835
23332
35426
5308
33957
16285
41683
19211
10858
26511
5517
30695
39674
36916
33620
39948
687
32981
2955
9340
40503
23648
18686
15870
34501
29746
12760
7038
12801
40533
12042
33885
10869
17143
14293
39552
39884
37155
30275
13466
4538
28865
42436
28983
16855
2752
39093
8327
12894
21856
17175
2300
30529
21426
6610
38174
41676
30241
14285
32457
22714
29579
42299
14141
42265
42323
6109
11777
45245
29947
33964
12698
31628
9691
23960
14634
24098
17590
4321
5939
26382
164
29247
36315
32755
16738
35116
14599
19202
25213
15626
19810
30752
761
15496
8958
11089
24615
41665
33639
39350
8336
21018
21020
23969
18990
37040
26727
8062
19596
29518
6756
9966
28368
31784
30920
44425
9776
33247
17142
27851
10871
15044
33636
10539
11831
22159
13081
38919
30524
23304
34143
4856
3175
41085
33513
13506
43499
17942
67
21027
33458
38343
25524
13402
21180
16038
27238
17236
26625
805
32585
43185
36641
34070
41377
2502
9496
28035
6197
29258
3806
10296
16396
35686
45545
11637
718
31984
45129
3100
14962
43358
41434
10667
28832
30236
22354
17609
19575
22585
33500
1262
26445
20330
5670
42283
10848
10722
15039
38886
281
39670
28879
40824
36527
27022
31126
34227
35797
9040
31669
38253
43538
32619
42834
19730
38550
27412
39278
26806
31098
7624
11732
24156
35659
40236
8456
31194
33840
26824
35394
34347
21397
3846
42216
13864
22835
8911
20319
8709
12492
38558
38184
16426
40388
28111
45537
20790
29023
43597
38969
2122
22462
1913
31857
17987
41670
37705
26816
13203
8692
17671
45041
23583
21535
21283
28815
28758
8418
35403
12856
28786
27861
13217
21218
14889
17227
44668
25217
9441
25765
7044
7461
43916
26579
12419
10050
2627
10798
204
26081
14268
26520
10463
29704
7324
43503
43167
11563
13901
3170
10997
23709
39969
39968
26528
35248
29429
2460
16920
43826
2267
28895
3341
44797
1349
15566
17269
17956
1058
11124
21763
28071
9077
35721
36169
45552
11638
42364
42112
33494
19309
15614
15715
34987
45556
8689
25477
27425
33125
19062
12992
10819
21298
35144
20470
5322
220
22432
22207
35591
37036
2981
40896
27830
14685
23783
19687
6844
29487
35966
39393
24566
5497
7633
13549
10260
1846
32614
14277
35729
2218
38703
43238
40877
20795
36368
21562
22407
27838
23030
15478
31150
27498
43396
23524
10650
25501
39535
14661
30412
18406
43787
15528
37357
14253
22288
21995
39530
45104
11759
14254
27286
32390
20006
21505
29081
36139
5376
38516
25362
22608
24501
13560
14528
5854
37606
36830
34404
7963
22039
27043
39881
8351
42565
7140
31512
2178
24550
13124
17537
1964
43522
45325
30178
24273
7831
34685
1535
3353
14915
42934
45462
31179
39194
35695
23877
18042
16096
1935
19047
44288
43227
8507
11652
28763
39707
32268
2036
24249
35771
21199
713
16498
18862
2473
17645
39488
1604
15698
13018
20380
40261
26222
225
38350
698
41477
44664
5390
6101
27922
28567
22324
19831
31824
43839
11366
22975
10098
36282
27245
33753
12058
16640
12290
17081
4820
3455
26623
37745
27424
23510
17417
16393
32391
29847
24496
42379
12423
30205
40960
34508
34388
13272
16459
9800
42165
35697
10791
43529
4774
5972
36573
6459
11256
8665
17750
33548
7800
8628
42304
3561
34713
20458
40688
16993
15593
17275
33470
43584
18439
35211
1618
21230
14392
16557
34697
36158
21902
13667
9382
35038
42862
25543
27074
41954
25173
23147
33605
31478
33416
22278
33285
1212
9148
3436
31074
9859
26375
4786
28835
25607
42773
20174
27572
6123
454
9252
10481
36316
3937
45482
19241
34608
6130
26358
21522
21608
39267
25907
6003
39266
35526
39551
26827
28803
19464
426
40552
18262
20613
29177
4087
35832
42372
39046
41779
33540
16649
37368
23416
30086
45439
12476
11297
45359
7437
40958
22621
14208
32118
43603
9162
2596
41133
39856
26861
27349
6502
1463
34382
31038
19648
629
30723
12902
3407
7972
7609
1236
24469
3674
38753
29334
3570
30444
3615
23321
15861
43274
22572
9084
44362
21182
3946
40352
19632
1091
21764
3379
44897
33259
17439
38917
22454
25203
26570
39248
7178
2464
26685
8472
2779
31835
32505
648
24000
34422
40501
7313
32664
26793
12515
40792
21669
26071
34232
45583
32291
25206
191
4194
23119
25882
31065
22588
13509
30736
38763
39795
35186
18323
30657
2988
39219
36305
22200
35862
23230
8043
29557
11219
16208
8676
19887
12802
25893
34783
25964
40553
9738
5091
38107
22854
44024
44356
27571
1235
19081
21804
28239
17742
6702
27158
6757
8101
39018
20206
13084
4388
6737
24140
12266
36426
24262
9873
32081
9950
29540
6031
12268
1323
11538
29170
8081
31534
37971
6446
23696
5569
35039
21814
2450
40188
12507
25857
13786
434
2572
26299
1684
43093
22342
26626
167
36181
36048
19155
41182
11222
40982
30668
41306
29930
1014
35977
15592
18714
35225
3039
36818
3929
12538
15408
23904
28047
42640
37076
9745
11610
42962
17121
7344
36356
5102
35022
32555
38311
36497
32678
37905
26315
35350
19189
18629
3716
4657
8937
43655
30277
3845
11350
41139
4445
22746
21387
28561
16195
43929
28399
7060
8611
33635
32318
25948
6663
26242
534
18698
804
17525
39555
11166
13937
36412
27159
9271
20985
13206
40959
13976
15047
2507
8311
27495
36945
12816
18431
16356
26814
35406
8055
17580
43657
43310
36444
25279
7930
2592
27106
32877
33319
13759
3754
25972
19426
37511
17173
5413
13269
18073
34225
41021
38595
1853
7627
26136
21088
19012
8946
22449
15951
42430
26967
16029
28204
17569
35112
6768
31858
2194
3230
10416
45600
26854
19215
1542
44969
4958
26679
44967
39799
9401
31823
42617
22998
9669
45397
23475
30173
6601
38791
7820
43744
30151
10875
42249
9937
2968
8147
31409
1883
32266
293
37548
17967
6150
3253
6466
37070
33187
29908
43259
31365
36741
29225
6
42822
13961
821
11493
37964
13876
11457
6906
36044
12282
3646
21008
19938
20255
20036
25188
11624
32788
5399
15025
13080
43120
18879
13982
30935
42022
10817
1826
27564
34719
26161
43507
17963
37623
31471
39117
29873
354
40304
1660
29277
20377
36509
27744
8391
13259
14637
39442
6651
13268
32864
10301
40454
16436
21029
7883
10165
7214
25269
25979
31852
12417
3693
40104
42981
27608
2830
33869
18325
13266
25934
32644
4832
45541
41119
2766
21900
27014
1781
18397
13825
23686
38091
41065
12166
42734
6532
298
5436
41875
21518
33340
2420
31378
37841
23086
14314
20598
26257
2985
25144
37878
39053
9209
13070
27548
12650
5229
26173
27308
31655
28079
38820
43265
39547
10743
35396
34272
20877
34171
10793
44385
5976
41553
3539
19009
21941
3010
15842
41580
28523
17749
32942
13890
11697
23894
30364
30910
25393
39939
23971
147
11379
5112
15584
26424
38270
25483
6611
35376
13175
42499
30002
9509
10605
21436
28822
16175
5990
9296
28057
13339
45378
19432
20952
26277
32464
36261
25076
4230
45018
867
44825
44980
13296
37804
40
27987
4246
9006
18150
481
19566
25742
15821
35087
9201
28963
39677
18078
17402
6682
45447
21492
26876
18311
13341
3190
16906
37453
7651
30820
23354
33561
43199
32385
27033
735
35499
7459
30921
42910
23791
32157
28206
39721
44417
19400
11509
11316
44979
18417
20505
35387
43471
37023
41703
2062
35824
30965
5660
42779
29771
44054
14383
35282
34676
32009
19135
10456
31020
20081
31496
12805
2800
22507
30637
17382
8390
28792
9381
39527
25086
381
8572
27840
2513
21805
15343
910
15223
26540
32483
32890
15440
12840
13723
339
23945
16673
1520
43831
4858
27560
41479
37018
27881
29520
20576
20798
14754
44884
39711
3662
39829
41567
23263
34229
16450
2224
15217
6347
28863
23165
28258
10953
14928
43337
40737
24669
5242
4089
19178
18668
6255
2550
7761
42103
25814
34645
25686
34020
31699
16785
31813
14760
15980
23840
4514
13539
6857
30927
26548
39405
38713
8502
15403
43107
27105
27541
26072
45055
9050
8672
38801
24165
2900
5362
20568
3979
39924
32330
21255
26550
44524
30856
29928
21738
8049
5466
23531
31895
36529
18962
24801
19510
4675
22437
42114
42610
15185
6662
26486
39145
6138
17301
9775
43189
35264
5196
14034
29117
18368
7495
43891
27293
25913
44815
23558
19581
19264
20115
13888
26662
36202
26917
20156
26632
28568
33143
41472
12334
16814
33329
42669
9124
22846
3250
44596
27893
28515
22819
28483
23427
44754
40914
29214
24275
21579
14777
31132
13330
5298
39055
40405
9573
22458
19390
36410
36538
24998
36983
44121
23253
31102
34376
22648
3543
33441
29677
25233
41098
2328
25321
31573
4638
4567
43563
17404
34618
16503
37344
40913
28083
14436
29159
13063
37593
29478
31716
303
11271
45100
38111
39687
24314
17446
6248
36141
10274
42418
32701
21213
36657
44622
3954
30787
4275
2091
19704
29179
32756
1328
31377
16555
4615
12393
27253
36556
25017
29664
22960
31689
30037
20889
5783
20271
30069
28233
24035
3601
19662
35230
40618
29882
29271
42803
12890
20913
44589
10387
2006
27603
18163
9155
17280
283
16007
27351
32366
28708
36585
22184
16900
2461
32736
42190
26684
4214
22637
12049
36134
25176
17180
10816
3373
34327
19974
11064
3401
9730
11517
37550
36276
8196
43406
7913
37939
741
16211
37668
8531
7735
39756
43699
39089
3821
14758
35101
7897
34341
37849
5759
11866
30720
675
5404
28981
31501
22452
15467
3411
2134
40095
19775
32551
13564
30417
35348
8154
16805
37396
3365
17966
26794
13730
11649
22570
3736
6628
22388
41519
4114
32871
1527
20030
38163
4671
5576
38824
6632
2154
27341
15306
31203
10765
20914
128
21842
25253
30590
14520
34938
25960
27307
26982
33279
596
12799
38822
15098
37153
17711
13471
580
33795
7585
2995
29062
4240
44262
17483
22082
31753
11133
3956
37345
1468
15852
26094
42715
35171
7938
33115
34068
5787
6912
18942
12024
7849
36089
10135
43904
16469
13911
41821
34454
44397
44110
11059
34083
39840
27696
31217
19614
8891
899
23169
39383
38842
25942
6220
26383
7873
13275
32424
24006
39726
6540
1753
35847
14515
42904
5689
13020
42044
39579
31300
12440
31862
20753
41451
16103
2524
9229
37002
17321
6802
40606
45029
35581
26798
20233
32329
33619
25392
13131
34208
38956
6184
18565
33876
7484
32138
13661
14982
32559
20359
12491
36036
5885
11259
9294
22296
20846
3964
14172
31572
43567
38784
14488
9690
5130
44750
40214
25623
7182
18193
32188
41738
4700
42376
43447
16492
18178
10735
19273
6012
402
28631
43338
19681
22851
29243
19705
17835
9724
6944
33521
28699
36340
41121
4160
4142
4067
21401
32316
31304
15091
7217
43670
36149
28422
30411
35554
1295
31546
15735
37179
4237
3637
2760
31111
35878
26734
748
29707
24700
7499
41631
2808
24198
8726
23037
7923
8008
29080
9678
34820
39111
17801
35336
20311
18573
8701
24812
25999
38046
5616
20789
17824
14807
22614
20016
41532
17396
35190
35393
38034
37769
11405
22859
4022
11114
22864
36982
34211
34654
42660
11334
43705
42983
25662
21863
18065
14977
5743
32552
24721
22233
4008
33046
4045
11999
31825
5293
13429
16712
29367
45331
41654
2637
14994
37824
14104
5857
37130
28969
32504
11925
35574
35738
16230
11248
44899
8570
24976
44939
7498
17262
14572
35621
11559
20337
7113
11120
30725
5701
11368
34460
32735
20486
37142
27634
37043
1589
12739
29978
36224
26198
10316
11771
35460
44703
32156
26976
44932
12725
3653
21258
26290
11594
19482
26644
4082
17864
14751
9921
25957
12935
40928
15486
1878
45582
17137
4347
36232
9953
862
3203
24577
23550
16521
33747
33407
11988
7503
11731
33160
29701
25792
18238
9265
29274
11420
27613
6331
1057
25175
8432
7915
18921
18769
37291
2325
35480
22513
2769
30056
21849
26799
19683
21259
20827
19732
42967
3023
37943
38035
10725
22707
19265
6198
36313
23375
27587
23275
16423
22385
21097
31638
24640
38863
22551
17276
3579
16828
27770
15777
33875
20170
21352
34310
28831
38503
21621
618
21040
34332
38656
14371
43871
28697
35340
22173
38145
7788
31565
29594
38269
31983
14895
11192
27799
13732
40332
20242
634
31276
27061
13878
40586
13750
33952
12866
25708
19480
35224
37651
45562
42775
42694
45372
9332
20032
25945
15069
35384
32221
26954
28908
21098
24289
17020
14466
799
44532
4797
7933
39973
42428
22703
11561
30221
3028
3422
7647
30017
6809
30724
9731
26275
42817
28034
35894
24646
6073
20571
30356
6633
9777
25474
26875
45122
13765
6545
43088
42668
43257
8745
2341
44623
33119
2437
39453
19301
34213
17132
30973
19615
8774
34981
3151
5602
37222
14355
2075
560
6720
28164
41236
23747
37504
35900
40417
13130
4454
31110
6874
6730
33733
39612
22953
35903
4389
30987
5415
28518
11376
8980
19943
10047
25256
30513
4202
15302
16067
24630
7274
2958
16106
30902
14984
19240
5736
42301
26710
8050
21786
27850
9172
32486
37213
18514
43714
18051
3471
22491
7013
17831
17589
4295
21019
44098
12882
28685
23859
18540
14054
34664
41769
11216
28048
3003
22129
12664
6070
38556
1947
43319
32663
21153
22679
5605
27699
38809
19780
29541
8700
20799
37434
10378
15161
19668
42405
42184
2199
43783
45406
37160
5496
8079
8773
1786
44041
45576
35633
16343
6970
13251
28293
27435
14963
23974
4950
44627
7365
12226
20847
2700
19302
2749
21919
40289
8272
35219
24143
41583
25048
31987
2560
32216
5289
8875
37592
39845
9109
3813
34038
23530
35671
44204
35181
3345
22782
26019
35428
41546
9260
29042
20670
7601
4178
6971
32658
37054
5636
39528
28733
13522
19183
29716
18501
1533
5544
29370
3255
30297
6534
21506
22328
8080
27938
9579
21592
14628
2368
4767
35102
11722
20958
38815
13095
45574
36872
972
22628
24385
6646
1965
37170
5090
31840
1837
873
39435
4630
34582
45464
36955
9803
20026
28730
13879
7757
32861
39565
42370
10497
33974
28935
44962
30239
4920
18337
19672
17463
17414
2087
15453
10154
13238
33394
17271
13920
45357
22411
32442
39066
34726
15425
43882
31645
39203
38450
36482
29960
20735
697
11021
34744
7266
13721
24529
32478
10651
3912
43617
12455
15741
11326
24392
25933
29535
25190
21016
21383
90
31042
23466
29017
11488
42979
14996
2141
30649
5589
28037
983
31439
13631
23450
37631
8690
42612
1474
15536
3691
35641
4576
4562
32545
7480
1220
6445
19439
33634
9167
7720
5154
14554
23664
42837
9851
15427
221
44212
12015
19766
32295
10989
22417
14354
43678
6930
31757
18616
11607
1615
13999
24388
14966
31830
24201
40921
29202
7481
21975
28570
26196
30369
5462
43943
36436
40246
11363
35003
9941
32160
33223
38087
28194
29321
14776
33991
38369
3171
4731
17753
15119
11501
37200
21540
12774
14205
9569
30875
638
139
10311
42348
45091
32448
34609
16324
16772
30525
16977
2987
34462
45226
8626
8838
18204
6004
16090
12640
34794
40983
11764
39366
6959
9558
26043
26353
36108
36014
21665
36959
24497
42403
37287
21759
1809
23959
38272
13102
38285
5552
13657
33344
10308
36905
41995
28991
45194
1226
6876
23365
32840
26634
7501
32481
25114
42495
15829
36588
24367
37620
37437
26661
30876
25207
16565
23309
20179
41102
42205
3035
1677
42578
42344
3930
22667
19602
36424
5283
1321
28348
6453
19150
2807
17731
43543
18223
26325
29694
29388
17912
41895
9521
29625
43353
9126
15038
11719
33334
14238
19633
24470
44429
875
7141
1251
5911
30229
31379
13806
24424
16198
5412
4637
9211
24860
37539
41549
42728
20299
1289
6805
34540
35693
19438
6329
40361
25148
30698
23274
36145
16259
9720
16395
32671
26287
38015
4784
7604
35215
8428
28743
9121
10517
38931
1496
44269
39850
7357
26557
1009
25807
18747
483
36253
32415
10030
20147
3664
15359
16309
28155
20792
6110
13058
11508
22739
22428
42489
44698
21899
39243
16949
12367
32052
13476
10574
34978
11591
36515
15719
6920
27920
12219
33202
2126
31452
11905
24734
29933
16817
535
36963
25666
991
39837
16547
12237
10046
43235
4135
5282
45393
15323
10923
9384
32296
37158
2907
21976
1042
34107
36019
23919
41845
20720
11086
27707
2338
33216
26628
1795
33917
30413
21435
40311
41858
29454
35297
25014
7732
4220
9839
31332
18918
29207
255
9312
14891
22659
15279
44551
12000
17531
28182
9386
14473
24325
8413
30552
15627
10534
4040
29703
6914
30212
19884
19918
39993
30496
22485
12704
26731
7237
21717
29914
9204
25996
7970
44987
31686
9769
32006
35590
42414
33065
7392
9630
38267
18687
19233
1735
12832
15152
27487
33810
10865
18401
31413
1642
30517
19141
28023
1806
647
30395
29608
102
20553
4865
1621
36534
28811
6431
45614
32593
25376
36953
29295
12966
22468
31879
17116
23218
1821
39655
8253
25169
22074
27240
6626
34639
41533
32828
43308
16132
15779
33728
40557
7755
13644
33467
1215
43405
38083
4744
35430
31910
1663
25855
25552
34498
3346
43494
18710
9938
2758
44192
8083
37118
23330
1763
40772
3871
9925
18255
1124
32136
16057
4689
24191
3740
31248
14536
37080
34482
33428
34432
30490
14486
34950
2419
38480
3752
40271
40800
39965
34417
33813
36902
28021
45521
34790
43773
1219
37472
18652
16568
27255
13294
28352
26057
4441
40444
26716
7744
16131
44842
31647
29448
38027
24930
41369
8898
6103
44131
39235
7751
44335
40707
27185
42561
24125
12960
11315
2545
8930
4148
25133
28026
6014
39177
37057
26294
31319
43074
7427
5386
33626
37232
31590
12628
3464
13318
44578
26772
19514
14810
1982
24863
27652
28429
8932
22687
7666
24004
45440
5727
32970
11130
40060
5444
39108
22441
18006
31136
29502
3236
24247
42896
42409
13681
6398
9362
19524
28428
11019
9234
4717
26792
28050
30568
31053
5757
25052
2380
25054
11399
3995
12068
44233
26730
31277
44501
42085
32058
41437
19327
3132
41852
18349
29278
26723
39811
22884
39123
22979
15598
44068
22730
29631
35306
32388
21281
38794
5482
14477
10813
26009
23063
13038
11272
10700
31936
15222
28064
39032
43013
11902
26817
682
45531
12081
8284
9536
30326
7382
15173
35379
7908
3853
20641
6066
4519
21874
7722
36704
18033
22163
38076
39400
2599
1699
17676
9117
44801
11460
42275
1181
14415
3305
17039
15755
18828
25645
32673
5664
16717
35176
39554
21758
45475
27136
37173
41478
18345
39749
42155
9537
35130
8939
22426
30142
23498
36180
14201
30989
17489
29940
16684
7541
27901
38357
5139
4005
7465
24848
12165
45399
34735
38126
31694
41824
42658
936
14991
11295
18823
6749
10917
6465
15950
18590
39374
43261
11285
35849
3571
36222
7830
33721
28705
15563
35925
39399
22658
32709
36966
15501
29138
38977
34380
6362
22923
243
17698
512
6622
14911
40437
18802
21658
33294
17845
39385
27366
12868
21050
45613
20203
42231
15720
6487
5999
3049
12982
6300
20919
27120
40875
2828
8225
12673
28765
27004
32401
30279
18870
42433
9410
27432
13366
31251
19298
41538
23241
9677
6640
2983
11773
11821
23992
17643
22971
32775
30091
20522
40904
7153
20988
28805
38042
28425
15812
15140
29887
25069
13769
36526
4931
34461
13460
8575
34444
13678
31905
28665
11072
30913
26361
18940
2890
25983
20972
33779
24171
39873
41590
30593
9208
33890
7129
774
19096
29841
17534
23366
28545
27339
25815
28775
40541
34334
21422
38508
35974
8976
1080
16054
18738
29168
17085
40798
35451
15987
6771
21311
7474
1727
39281
41099
28052
17215
25575
8862
3218
28060
35834
41735
13167
2466
40674
1316
12206
5644
15382
32273
18132
11989
33897
10635
34306
27429
16635
7068
3248
34878
8376
41923
22108
8152
15197
35746
42187
16962
17898
36031
40713
22907
21003
36311
30962
37190
27189
43439
38829
743
10618
11980
33902
13747
30949
44226
19133
30345
26616
8512
14114
18422
15155
5770
28074
14028
13578
16506
5176
30220
17425
38417
17022
24925
43045
7262
24203
16971
33607
37783
18936
35812
17519
17672
10693
28335
44368
40948
43236
23700
31412
7185
37475
407
2039
9202
17556
5082
44733
8199
26090
17074
21351
29350
30150
2387
34021
22015
33122
34324
6047
25601
41968
22883
5747
40548
21617
41561
14224
941
5401
19440
7698
2207
2839
41467
28183
29727
23899
3784
24119
12589
21496
4545
30903
8861
29717
11620
45121
32079
18529
9683
28286
10951
31604
15331
23577
15111
20286
1771
3463
1398
38245
30957
40221
41196
16375
36687
2614
19502
2753
44526
43315
15775
44132
27468
20106
29248
31432
25799
45392
44929
26176
43876
12467
5396
16752
29909
9112
32434
17410
37911
30186
38955
37029
19397
16416
43675
16989
14870
10074
24206
7997
11815
33600
40715
24295
32972
21250
3983
42445
9813
42204
15170
18535
42710
29368
27937
14342
22418
19405
14377
24308
33101
42097
28704
29842
34255
27659
37251
27691
3344
38795
1725
44919
11213
8317
26509
44614
26753
30912
25059
42749
15116
34144
29341
34773
38624
10555
7212
8471
28721
9611
15053
9663
16441
29418
28616
32361
36884
24671
37961
45465
17348
12976
10368
414
10482
35339
21364
22446
18215
32739
37149
15289
37441
31849
20476
17231
21549
6489
33583
18929
21147
27044
44829
26599
1840
7176
20849
4679
33844
19837
35696
30559
40193
41970
37500
39008
43894
26527
31393
44325
34470
5410
3040
36120
24992
27779
37171
17786
31854
13755
29289
2181
38194
28900
37672
1352
15632
7539
31410
22502
44327
35550
3016
2064
41440
39347
28522
42685
21087
2275
20157
6863
12048
15983
20547
526
2638
11878
116
13837
15198
36995
27750
35628
24326
44511
43472
10662
44809
39257
19506
39880
20295
43436
45097
4863
1598
6903
15946
1303
45133
44439
27590
33224
35478
17441
15267
16870
3167
3500
28116
25856
35280
19702
15786
11195
30083
32183
33002
25978
37100
3786
22194
15131
2682
41713
34983
20272
423
20888
25655
29380
36854
3675
9035
22416
8220
24554
34740
30689
11504
15995
9349
6575
18454
39854
1985
10579
19578
19656
31372
37125
24083
32045
12679
13140
7989
43231
9665
24456
7311
7734
2816
6899
28510
39457
31729
27057
30639
16909
19305
34755
1154
27611
17286
6999
21012
27139
29714
17515
19484
20815
40199
15925
21366
41136
26016
10974
24354
30427
34109
24973
26112
24750
31521
44536
44569
33197
18636
8919
6620
10541
36209
20372
24712
10037
35138
9434
39529
5704
21531
19597
13943
26080
2090
19280
7775
34167
24178
14761
43566
14351
42810
10018
14925
3990
11206
36361
9467
4745
34895
14012
17610
13371
12051
45296
43290
3569
2026
15989
21783
22650
4705
35154
36132
21999
97
31722
26774
23391
23888
32405
39423
29846
16637
44673
31706
40302
36906
4397
44724
42812
2324
974
41600
3913
32201
16004
16844
5980
19129
42684
29995
18015
23808
4712
9946
33393
6524
43017
30999
8028
1612
23418
45525
33698
9036
1409
44247
30138
29011
43029
3337
35056
35656
8027
22989
5601
14986
5723
1414
25098
43726
44605
16236
33593
11096
11736
22599
1524
33048
26533
45595
27130
5463
11421
20644
1246
40782
44977
20414
3432
30424
372
28292
40564
11856
23276
4208
24728
5194
12221
17798
23186
20205
6667
29015
9185
2205
3486
2880
4748
15798
10479
6895
21361
44360
36735
41226
39075
35839
42838
27220
7407
3830
24024
40689
22928
5890
8206
33961
20529
36461
14173
45429
28720
11903
42789
33642
17057
38974
20218
45120
267
26158
22153
20730
16071
4692
24619
33637
9891
21745
1064
14525
17699
24725
13126
8398
10802
24597
1185
25499
31317
5370
11588
25281
14827
1549
35155
37445
30709
9781
24516
34055
27565
35326
15237
29157
8961
9583
2208
27877
29551
36622
31668
24477
30721
36057
42395
18304
7900
37607
32096
24413
11974
34202
35016
35017
29073
597
20448
42410
23281
20513
23781
13701
39427
6354
6053
17123
32099
36470
21483
24333
6851
34199
30977
12576
36670
25015
5329
1580
6594
8054
11103
18838
28097
12246
16677
26113
37293
44430
2327
19551
42167
1168
31339
43644
35089
519
15891
42768
45570
37721
41039
7210
43256
37298
5816
7988
40213
35073
41778
38396
16726
39999
25456
16497
15051
38472
29745
24039
32002
29014
34423
44856
14163
17597
29571
34531
31952
20019
29163
1348
21071
3738
43663
6836
33797
20904
3597
42230
44792
3461
33621
37680
38456
36380
12070
2825
8009
4494
10181
17773
32175
10740
27478
33789
25560
14855
9177
10614
37501
18214
5004
6017
25374
25033
41315
4366
15642
3316
24817
23157
999
15417
31089
38653
18742
24152
27279
2021
15845
7167
20449
3224
2929
21650
7193
1082
42
5871
2401
39587
43215
41216
34481
6304
41740
24351
17092
43079
31441
27533
2005
45617
28269
12143
506
18858
4247
25668
45307
37821
13817
33981
20987
42006
18902
9070
7865
42935
3424
37295
7308
20566
8383
4098
2569
787
32639
29866
14332
32233
7077
27831
20619
7660
27973
38853
1039
24097
21339
40171
1531
12656
11088
29981
24065
41486
27296
30076
20173
3487
9405
38767
12938
45046
25064
8435
1597
35090
2893
18815
13273
24806
7974
41710
25278
37698
25860
34162
44198
11994
4994
26907
7684
17495
31
11044
13953
38373
9191
30804
22439
3868
24441
15247
14625
1415
38906
21674
41904
1441
378
21445
41661
18446
39430
11147
38560
36438
8526
24786
27795
40401
32340
28120
6833
42737
441
32694
14581
2463
22172
16845
19054
22167
31394
35470
341
20928
4764
20488
42267
13428
31306
7177
9819
29353
35667
33982
585
11884
6085
6106
39803
4096
22605
43683
26329
1151
19461
30488
39610
20375
24096
24567
607
11263
33930
9468
5100
2318
21310
28864
22372
40027
35031
24360
34088
78
11583
18403
2642
15083
10384
21162
34989
8659
1917
3768
28103
14781
31805
42454
34838
25068
34762
9816
5231
11611
357
35724
37089
34969
3143
3965
22101
10767
27187
25482
19859
43654
12124
34756
22292
30171
34561
14829
22641
30506
1380
14487
6405
38416
4228
16561
29349
43860
26128
8619
21703
41539
20875
907
29148
2549
19205
13121
37264
712
24661
40901
33068
2974
21321
27373
34320
46
17833
13643
2775
8584
29279
39981
24715
40159
28270
28323
3142
23671
740
10140
35706
29516
42783
33153
39601
927
24344
4587
37746
32013
2032
23572
24473
30840
24082
34548
24397
24225
14156
13744
9706
33000
39422
36070
19087
6317
32428
29190
21696
35863
1760
180
21235
31531
9399
44290
11153
8088
10518
30653
2704
34130
12353
10960
35694
5726
3535
41093
14044
6092
40825
14280
44549
21395
7363
18520
31299
35921
8322
17787
18492
31335
28106
14269
4374
15424
22120
31120
21368
45590
8470
14903
10024
36627
34279
32354
8989
24122
37656
15006
37231
2516
36260
12986
35980
42713
38834
350
19872
11776
1
11343
34947
3607
7848
4411
43370
12829
29331
39660
39523
14353
21839
25783
391
7742
5998
15410
29057
1500
39014
2065
2498
16751
34029
10788
30434
5822
8046
37239
25795
41840
11176
20884
23639
38672
4076
18418
37418
42533
26664
2409
23958
21683
29035
44660
14934
34984
8000
28135
29696
28890
6992
27154
10452
37817
25387
6989
12870
16118
2938
34830
22187
25627
17282
24820
17708
21649
8631
45215
23784
30293
22590
31967
8029
1884
17551
63
20631
20600
21611
30475
20869
5559
574
19354
44788
35719
20129
4788
328
28185
5529
33449
24795
29967
29713
18632
30327
39182
12117
16753
12593
19014
2072
28500
7921
17616
42741
3425
1590
30978
11747
25551
37931
7441
18224
35716
25263
7040
20408
24831
12104
23501
34668
2390
25283
27329
36277
9020
18003
9274
7643
28830
18426
8365
18380
44079
34519
40727
9702
820
24994
39289
37944
38536
24264
16051
18731
10665
41053
15270
11100
20204
43081
18558
6404
26908
32322
15319
45076
25032
27353
40907
18841
9140
34509
14451
30816
18280
7066
45281
40502
18999
6322
44753
20712
32621
10891
44534
23839
12038
14514
3955
24871
19617
24932
8106
798
11084
34641
29128
38482
24939
7457
11175
16320
21429
14356
23305
17091
13194
44210
35111
4106
44745
16271
35033
40163
23118
35125
3012
7980
2311
28689
35831
21785
31153
25080
1069
30181
22921
29758
28821
12591
5385
35784
22964
18718
8807
12308
23296
28965
36446
22113
1487
6889
1588
37890
21327
24819
471
37762
5915
4498
42210
14375
5809
38775
3779
42594
20797
1962
1334
30613
44591
41781
25411
29408
28825
18948
12508
25388
24564
22609
41952
8901
31259
35461
15328
31544
37276
28912
38669
1924
43640
25028
12067
26417
33538
13087
5295
20361
33762
5997
7856
6136
4722
41763
21203
44953
30183
30916
20279
3212
5200
22896
24940
38548
9451
21603
1211
29760
33108
42264
12212
42129
7592
11666
13141
43489
38518
30900
6419
9510
2406
39156
14011
23725
16398
7885
15797
41299
760
18544
13446
28480
2656
17842
25832
169
1888
10646
447
8635
20492
25433
6804
1866
32670
41059
44142
11962
15260
27369
3709
39365
14706
25640
41612
10640
5741
28184
21471
29904
44956
39717
16961
19360
1919
23265
20842
1958
9284
13411
5550
8298
17148
8099
9079
18474
7516
18641
30532
29580
40265
15616
23936
42248
38591
40536
9657
5734
33175
27982
7654
41027
37373
507
14973
28490
8451
34689
24244
38972
9766
24884
28588
15121
17718
7812
12912
23137
13710
12878
36865
3165
9473
28257
37382
19636
12011
4972
30546
30673
1631
31766
3331
2605
35522
12985
40631
2478
24479
31802
26904
30333
44125
12710
16016
13576
43484
29814
7236
19693
35109
27095
1898
36027
25019
14741
39919
30336
42494
29915
39452
31208
44802
20270
674
44608
10302
11480
24018
17905
22083
40833
27102
15817
22565
5761
16556
38589
4273
270
13467
29113
20830
9580
8280
36987
800
22350
14334
32834
30371
28489
24697
16539
32584
7662
10965
14974
21541
27420
4014
17634
21156
30616
3863
21158
5585
29542
15772
24121
30718
10897
41422
23270
16344
5907
21533
3661
12989
8973
39933
19915
8887
42209
44330
17596
26782
7010
38065
36870
44508
14053
24475
25012
33436
15813
44717
38823
23679
34442
32733
26389
25688
17631
2862
2442
34355
14016
12771
21952
6814
40626
21953
20182
38040
8533
20744
18649
42452
19955
8566
22957
15291
262
34746
24867
642
7860
24130
35373
40363
6343
42500
5746
5172
35331
36714
10631
45219
4987
14379
45069
37000
29046
45292
12852
30854
10122
13809
6568
14335
43240
6606
14006
33792
13926
32496
42688
25903
43066
36124
5700
26701
15160
18444
16562
40915
25997
1582
17320
32297
25375
45127
27496
36861
13895
36475
11849
25296
13945
19744
19249
3774
26419
26764
16062
31738
13261
45458
13944
40314
25406
38378
21831
30770
43602
14930
2130
22132
36650
18794
41555
43646
1886
10476
18667
31553
8610
21138
40376
16657
19997
8096
37132
45361
31635
39101
37178
32542
6530
15108
94
10551
1169
33124
35004
37699
42493
17048
45371
22532
38949
39356
3386
40357
7714
39080
28240
22510
33960
34658
1333
37004
6686
33992
40364
33648
33867
40069
26218
15718
24851
3375
41391
39105
45294
23007
34621
40091
41158
8439
43719
36940
41493
12954
23511
30670
13922
32131
44420
37055
9539
15432
32792
21266
8715
216
33658
25110
34822
10971
24590
26893
42620
7840
39644
40187
43815
26206
30139
11654
517
16587
10999
409
36746
37283
39062
34930
22130
41318
26367
33012
11162
16681
13164
3286
37589
17281
7059
10317
11808
28218
13280
35042
42106
41518
12091
3859
33227
30878
41965
12697
10374
7280
10668
39361
829
32154
24241
26746
7090
10060
22185
13149
17529
9190
22620
42528
36888
348
24342
11071
36379
19603
28003
15648
24346
14849
18043
2584
6638
12127
6324
9790
19038
37987
13526
22561
18900
4294
28128
22258
18479
2355
23487
16669
25935
26510
37007
35907
12132
23588
2653
27221
32538
28360
14979
7706
6399
13240
19742
42736
44688
1637
18180
43805
26883
35509
10262
13184
33298
8579
1655
42636
14467
17724
32651
31695
45081
39137
18239
39318
22521
6196
22996
18436
35625
22435
13267
34675
37156
30388
1974
9531
31128
32254
33653
22336
25158
38301
28419
22363
34226
42340
24332
8349
21519
10716
38328
15093
8416
15481
524
18835
22983
14806
35146
32867
8056
38255
24045
43197
28632
20137
18559
11304
20038
833
26704
21198
4791
38975
26867
242
9247
22728
9633
18894
40566
10797
20103
12394
4683
23621
10803
34606
7493
5189
15249
40856
20517
26151
20863
29024
14027
13855
33484
15532
42598
33271
14329
10362
16345
23114
11370
1592
21500
32566
5617
45561
34902
26478
32106
15679
2411
31906
31044
34295
19530
13224
16915
16442
43143
38819
32627
19975
12981
8652
42858
6467
36399
39499
65
782
21893
10944
5667
27589
18567
3290
26186
44905
21830
1436
874
39004
21680
22763
3703
2157
36393
871
28018
31302
38231
1488
31740
24837
26545
43762
11193
10913
4711
26983
35557
37792
25487
43772
13066
23233
18626
37448
33701
39112
17024
18542
36061
19873
11132
32347
35806
8179
21760
19271
15804
44798
21249
7893
34014
4134
19616
27069
36722
1610
16880
4359
43589
11415
25184
3228
6213
36658
30170
21556
26968
36507
42302
31782
14154
29700
22825
15945
42288
8514
32547
6835
31019
37778
31075
33520
1996
25846
1523
40076
9848
30924
17098
33578
3103
30463
12250
20296
36122
39308
24254
10104
41529
30350
29614
24463
7904
26921
19303
25789
497
25923
8044
44468
17470
15881
39946
43753
5373
31149
27968
24246
42797
9748
19654
41194
5897
31872
4393
28591
28548
25729
6382
13160
33072
31031
8162
5290
33546
28127
19959
12922
40455
45001
41227
1903
31239
23824
31556
41943
26045
1737
6104
22254
38241
7105
12470
34349
23259
9935
43345
9910
5465
23012
18098
31744
28374
18079
6869
22014
43050
15948
19019
37189
20495
36321
34447
26951
14613
36129
39319
21690
28562
288
14619
39849
11900
25728
9031
6982
27048
25806
25941
732
6772
1192
35357
41235
25313
43344
29200
9866
8858
24490
27209
39823
21569
36405
17542
43125
21272
40902
510
21475
16362
7303
35939
1873
7440
27932
19105
23472
27328
6926
30217
17333
4688
25038
27241
4189
9949
30502
38386
22831
43966
4308
34087
4063
14000
31472
15120
20274
2993
18689
44757
4254
14038
38380
30931
40796
42585
20324
28776
22894
41332
33190
43479
36271
33221
7014
344
32910
8801
43201
35041
4851
15336
35346
12093
6884
40366
23596
4517
38121
39307
41505
13092
24830
17705
5484
2012
20840
37483
14492
37301
17447
4892
22540
42255
21657
25544
22645
24720
22264
5060
21334
8325
40870
2103
32372
3834
657
17194
20268
31121
26546
31932
5347
43793
32410
35242
16006
23249
32174
35795
5064
2822
42638
10399
1063
22148
16891
23378
35933
28375
11760
692
42126
31528
30765
4326
16769
44410
25257
21382
20826
1404
5
37704
25050
16199
39934
44484
43110
28372
4037
12396
32501
13824
38774
16574
18252
28442
20606
14853
44257
6967
41869
23414
32768
7947
42051
810
5784
36471
20508
39568
11740
3925
39947
35245
44727
26830
44961
21226
25822
28698
27320
33060
27746
16185
5533
4546
1491
21973
25381
16504
17606
36197
25579
6364
4289
39886
6627
27280
34487
32882
8873
4305
30492
18881
30662
1905
41003
38873
21305
23589
42000
33225
12854
7792
38731
342
12099
7333
42178
7748
31850
33863
11872
31117
39966
5567
5949
3111
24674
25639
11645
14272
34935
17633
1446
29879
23347
27600
5267
26829
23652
5198
9717
23616
15637
23541
39858
11411
5606
10604
44645
29472
43546
2521
34315
9762
4869
42169
43878
42373
28025
36372
11214
797
18324
18019
26600
13303
44555
38744
21413
11824
20117
10507
21227
16857
8151
7590
31672
10000
34657
31564
11680
10270
3427
34257
29406
35881
35743
479
20360
37633
24542
37992
17386
16529
40578
40590
13477
22504
52
25457
22096
22347
30929
17704
12064
29515
269
36936
34721
30025
3355
25788
22552
21212
16630
31688
8987
23885
17991
40573
30807
20196
25128
22157
1460
5894
39312
5276
498
32988
35636
17667
7390
28762
9546
39377
469
32553
1607
8704
29772
34186
28528
15092
10753
3270
18792
31220
37885
26896
24996
22392
40102
18067
10426
44878
10893
24902
17654
6792
33553
34716
14148
27032
18222
19906
4894
25887
33910
20804
2693
17714
7073
36618
37358
17345
30050
17030
32530
27692
26381
40220
33503
20564
4001
45511
25159
36875
24363
27640
5287
32323
39259
24651
33594
22019
17046
35263
31580
15711
11743
5388
12701
15828
27039
39309
7649
13779
72
9919
42208
12732
4751
214
33777
13152
35707
17806
12106
35930
917
14921
20029
30174
3351
13869
42531
19600
43545
35558
13830
3321
34916
24610
34748
19234
14223
42111
23351
31212
11765
44807
39477
502
9348
4034
14755
29697
16301
2932
6533
19682
31189
8590
36212
42591
25719
6498
3897
26866
23136
34047
31397
17567
42365
41772
39863
42932
14448
2783
20784
3791
37974
16511
20502
36675
9810
29585
35285
5649
26572
4105
27898
18539
5409
20146
7595
32632
3678
17680
5765
26801
45150
6896
25649
35975
608
44954
33071
2848
28434
35218
36749
28033
2131
1562
408
26169
32211
9420
29340
4908
20190
963
10776
28303
27202
3633
12210
9210
5628
25319
32832
36092
42974
24769
1489
39386
44824
5007
43164
19448
40683
36706
302
21905
36100
12006
34906
41560
9523
11260
9392
205
31576
22190
42930
33984
24658
24782
14422
26073
2365
12238
23590
40030
2323
20677
25643
5089
30791
36233
18088
41151
41210
21102
7658
43214
4924
17
43140
1175
37611
35202
7472
37489
44860
43895
44120
8933
9350
38023
12671
16425
23090
32747
11360
6344
4887
33865
39314
39882
17572
905
5032
10522
37708
42832
14496
13449
27648
42833
23771
1963
32187
6550
13212
24491
31288
18232
4403
11640
13074
23863
14791
7707
9259
26050
5782
11569
22175
29108
14125
18059
21847
22364
1605
29619
3194
10794
448
35830
35266
7940
16403
43817
6071
19021
37965
4116
17767
23938
38264
11503
10718
1426
45512
25264
312
35153
2526
34387
38957
36440
16223
6089
41363
40581
17077
3261
41036
25554
2195
42123
30191
12626
10654
34101
39663
22810
45164
2846
35250
6685
40140
16571
17178
21906
35058
19312
24451
2272
3734
26783
17449
33943
15231
20733
3243
6506
5076
21647
34474
22624
10161
28219
1157
44305
25447
22694
11097
30312
22991
32563
34861
2778
32772
44240
425
9453
1532
20244
10496
11288
22114
42908
8337
35798
14417
23792
8184
15810
37963
10526
613
44731
16709
44657
39847
8530
11435
41892
29437
19554
2910
44403
18779
18440
18296
12995
43549
5663
44020
41240
42928
19267
43437
9043
11083
4553
35490
35388
45522
13297
5906
5181
8013
26177
9885
38852
24084
25599
16435
32943
17854
41398
34300
24457
31024
43526
32524
9416
41720
12307
31787
3482
14695
28621
29335
33572
23483
31969
39418
14845
1569
28497
7636
27486
7574
7500
34766
40356
39143
8955
28707
25580
32928
11142
30985
27684
40671
22064
22914
12622
36662
43925
28750
2937
26031
16003
2623
4954
39964
19532
8384
10885
15838
28872
31125
18247
45168
3533
26712
40608
19402
16011
6270
40634
16858
24002
10404
43775
21884
24127
19642
36596
28812
9149
20714
21065
1738
41789
10059
6838
40123
24328
26096
17803
11817
135
1068
4152
10264
5054
30164
40274
7455
42913
12797
29453
20722
43111
7278
23630
30108
43258
26963
15085
19359
3289
35063
29249
16947
43099
17536
40041
25349
27661
40754
40879
35333
18114
19429
42480
31667
44486
26566
19671
25127
22908
26008
10294
14042
33659
19148
14832
26522
45200
17036
30154
31710
6508
39106
18355
37420
32110
30391
18502
37074
35493
33338
13271
10318
27088
31899
12142
21589
9188
29118
4793
32248
1045
34823
8057
12095
33590
10008
16066
30740
14059
41644
29232
25901
9753
14656
19308
34514
18905
14774
14490
17067
48
25754
45160
19325
34853
33586
11075
42796
30648
10102
31587
32576
28416
207
8281
34027
4145
25588
41878
23562
3748
11111
41851
20367
19333
4147
223
17990
32645
24933
33059
18342
35082
19108
31429
21974
26549
8850
38549
31105
18281
23094
18852
13426
19125
41362
40139
36964
38136
4701
20628
7468
29084
3883
28338
2379
11694
29618
7610
14575
21406
17697
10265
19310
44741
11361
42988
21474
28417
20110
30665
16273
6631
21822
43275
27576
34249
41278
1623
44692
44773
29767
42031
34360
35968
15172
26376
32184
41920
33074
3387
44996
39700
28623
1994
19883
27785
25174
33871
18477
31191
38781
28804
28902
36788
4781
32757
3701
15388
13637
25228
27591
34867
25636
35006
37524
14426
44553
14133
17878
23204
24359
23393
15134
33499
37579
16573
12343
34294
621
26652
6021
24775
4662
39497
35990
15482
15851
7002
30570
14804
14792
39359
1923
44634
43582
38074
868
39742
21070
33889
23525
44820
38208
37690
15645
1317
42211
1424
5183
17730
32044
18758
7213
17412
30548
23655
5718
39033
8620
21058
30773
43824
16046
30231
9692
29578
36780
31078
17445
36452
32459
14821
38987
38265
31682
30196
6570
5278
41796
18048
13845
12670
10234
31535
5169
44545
41833
15823
10571
15935
32119
37743
29366
35565
25240
41755
22695
28019
26000
21576
19350
43922
33965
27013
3634
19821
44038
36672
20962
36630
33610
32449
19917
26477
31660
24382
39826
37776
34152
7102
16495
1401
26868
28420
24893
13279
11194
32789
15369
37435
3220
8916
32626
35852
39785
35049
2946
9439
2577
30738
29193
39759
18460
42263
35523
9972
23937
34993
8149
13579
29575
3214
27310
12928
42102
12877
42877
429
15712
24188
32961
23578
23268
22308
36501
35189
28121
5657
24036
29750
10988
43749
30081
36066
36817
1437
2402
14725
35533
32480
13719
26156
33454
24309
715
6450
18588
8954
37664
8540
8568
33244
19015
30872
11391
17272
35427
17793
29877
37471
3079
37685
9297
16874
44533
15063
20885
33848
22947
5214
2566
2288
18891
8310
21399
7828
17362
24643
44594
9893
43352
1060
32171
35918
5940
31338
16620
15811
19074
36068
957
25840
25341
18012
45170
43701
44177
44334
20430
14242
44178
14512
28388
30505
20118
44202
34185
18699
3015
10980
5960
14871
13075
35543
36789
